year	Fer	Fer	Fer	Fer	Fer	Fer	Fer	Fer	Fer	Fer	TChl	TChl	TChl	TChl	TChl	TChl	TChl	TChl	TChl	TChl	
	0	0	0	0	0	0	0	0	0	0	0	0	0	0	0	0	0	0	0	0	
	total	Arctic	N_Atl	N_Pac	Equ_N	Equ	Equ_S	SO_Atl	SO_Pac	SO_Ind	total	Arctic	N_Atl	N_Pac	Equ_N	Equ	Equ_S	SO_Atl	SO_Pac	SO_Ind	
1948	5.1204e-01	5.6877e-01	6.8162e-01	8.3856e-01	6.6453e-01	5.0530e-01	4.4555e-01	2.2260e-01	2.6183e-01	2.4953e-01	2.5909e+02	2.5515e+02	2.7868e+02	5.1694e+02	1.6952e+02	1.9831e+02	3.1089e+02	2.7841e+02	2.7206e+02	3.0917e+02	
1949	5.1606e-01	5.6642e-01	6.6973e-01	8.4039e-01	6.6657e-01	5.1081e-01	4.5156e-01	2.3020e-01	2.6640e-01	2.6095e-01	2.6242e+02	2.1650e+02	2.5388e+02	5.0862e+02	1.6798e+02	2.0951e+02	3.1527e+02	2.9643e+02	2.8410e+02	3.1724e+02	
1950	5.1349e-01	5.5754e-01	6.5665e-01	8.3302e-01	6.6262e-01	5.0902e-01	4.4953e-01	2.3096e-01	2.6582e-01	2.6009e-01	2.6263e+02	2.2631e+02	2.5902e+02	5.0501e+02	1.6632e+02	2.1380e+02	3.0991e+02	3.0674e+02	2.8195e+02	3.2558e+02	
1951	5.1022e-01	5.5382e-01	6.4759e-01	8.1339e-01	6.5939e-01	5.0279e-01	4.4882e-01	2.2663e-01	2.6280e-01	2.6262e-01	2.5755e+02	1.7750e+02	2.5190e+02	4.9934e+02	1.6582e+02	2.0238e+02	3.0851e+02	3.0309e+02	2.8679e+02	3.3741e+02	
1952	5.1027e-01	5.4793e-01	6.4459e-01	8.0696e-01	6.5743e-01	5.0676e-01	4.4595e-01	2.2929e-01	2.6962e-01	2.7103e-01	2.5918e+02	2.0529e+02	2.5498e+02	5.2257e+02	1.6521e+02	2.0424e+02	3.0721e+02	3.0070e+02	2.8226e+02	3.4041e+02	
1953	5.0632e-01	5.4175e-01	6.2334e-01	7.7182e-01	6.6239e-01	5.0567e-01	4.3765e-01	2.2734e-01	2.7450e-01	2.6750e-01	2.5814e+02	2.0254e+02	2.0184e+02	5.1570e+02	1.7296e+02	2.0247e+02	3.0481e+02	2.9747e+02	2.9399e+02	3.3419e+02	
1954	5.0540e-01	5.3391e-01	6.0335e-01	7.6297e-01	6.6920e-01	5.1026e-01	4.3291e-01	2.2665e-01	2.6712e-01	2.6857e-01	2.6281e+02	2.1444e+02	2.3929e+02	5.2035e+02	1.7031e+02	2.1127e+02	3.0980e+02	3.0736e+02	2.8829e+02	3.3445e+02	
1955	5.0777e-01	5.2926e-01	5.9970e-01	7.5615e-01	6.7465e-01	5.1183e-01	4.3803e-01	2.3039e-01	2.6564e-01	2.6070e-01	2.6181e+02	2.0174e+02	2.3558e+02	5.2434e+02	1.7367e+02	2.1063e+02	3.0607e+02	3.1755e+02	2.8254e+02	3.3867e+02	
1956	5.0784e-01	5.2540e-01	5.9290e-01	7.5259e-01	6.7831e-01	5.1116e-01	4.3728e-01	2.3820e-01	2.6315e-01	2.6629e-01	2.6261e+02	2.1513e+02	2.1185e+02	5.4508e+02	1.7513e+02	2.1365e+02	3.0016e+02	3.1835e+02	2.8574e+02	3.4911e+02	
1957	5.0651e-01	5.3163e-01	6.0429e-01	7.5699e-01	6.7407e-01	5.0802e-01	4.3783e-01	2.3333e-01	2.5957e-01	2.6987e-01	2.6226e+02	2.2434e+02	2.5058e+02	5.6993e+02	1.7444e+02	2.0022e+02	3.0249e+02	3.2062e+02	2.9353e+02	3.4772e+02	
1958	5.0771e-01	5.3684e-01	6.0651e-01	7.5453e-01	6.6742e-01	5.1525e-01	4.3793e-01	2.2011e-01	2.7105e-01	2.6692e-01	2.6136e+02	2.1676e+02	2.2317e+02	5.7307e+02	1.7461e+02	1.9917e+02	3.0307e+02	2.9492e+02	3.0190e+02	3.5009e+02	
1959	5.0590e-01	5.3091e-01	5.9566e-01	7.5776e-01	6.6757e-01	5.1634e-01	4.3501e-01	2.1715e-01	2.6765e-01	2.5118e-01	2.5903e+02	2.3943e+02	2.1057e+02	5.4899e+02	1.7577e+02	2.0570e+02	2.9887e+02	2.7753e+02	2.8799e+02	3.2733e+02	
1960	5.0530e-01	5.2830e-01	5.8851e-01	7.4937e-01	6.6152e-01	5.1613e-01	4.3674e-01	2.1945e-01	2.6610e-01	2.5114e-01	2.6339e+02	2.4884e+02	2.4929e+02	5.6003e+02	1.7469e+02	2.0928e+02	3.0312e+02	2.8649e+02	2.8843e+02	3.2192e+02	
1961	5.0949e-01	5.3225e-01	6.1394e-01	7.4958e-01	6.6686e-01	5.1760e-01	4.4478e-01	2.2204e-01	2.6122e-01	2.5103e-01	2.6534e+02	2.2294e+02	2.5273e+02	5.6027e+02	1.8456e+02	2.1000e+02	3.0214e+02	2.9953e+02	2.9789e+02	3.3601e+02	
1962	5.1305e-01	5.3057e-01	6.1555e-01	7.7476e-01	6.7886e-01	5.1759e-01	4.4908e-01	2.1959e-01	2.6213e-01	2.4598e-01	2.7081e+02	2.4398e+02	2.4861e+02	5.8737e+02	1.8966e+02	2.1665e+02	3.0836e+02	2.9567e+02	2.9469e+02	3.3127e+02	
1963	5.1693e-01	5.3162e-01	5.9884e-01	7.7943e-01	6.7981e-01	5.1324e-01	4.6456e-01	2.1917e-01	2.6830e-01	2.4427e-01	2.7337e+02	2.0076e+02	2.2193e+02	5.7418e+02	1.8344e+02	2.1130e+02	3.3184e+02	3.0146e+02	2.9799e+02	3.2614e+02	
1964	5.1904e-01	5.2570e-01	5.8431e-01	7.6677e-01	6.7526e-01	5.1778e-01	4.7159e-01	2.2401e-01	2.7163e-01	2.5155e-01	2.7022e+02	2.2124e+02	2.1599e+02	5.7073e+02	1.8092e+02	2.2166e+02	3.1674e+02	2.9978e+02	2.8375e+02	3.2225e+02	
1965	5.2121e-01	5.2563e-01	5.7328e-01	7.6731e-01	6.7226e-01	5.3597e-01	4.6368e-01	2.2706e-01	2.6678e-01	2.5652e-01	2.6953e+02	1.6381e+02	2.1359e+02	5.7877e+02	1.7399e+02	2.3170e+02	3.0984e+02	3.0582e+02	2.7800e+02	3.3805e+02	
1966	5.1718e-01	5.1473e-01	5.7741e-01	7.7518e-01	6.7622e-01	5.3388e-01	4.4957e-01	2.2505e-01	2.6618e-01	2.5723e-01	2.6769e+02	2.5649e+02	2.1755e+02	5.7296e+02	1.7787e+02	2.1459e+02	3.0588e+02	3.1607e+02	2.8784e+02	3.3492e+02	
1967	5.0800e-01	5.1763e-01	5.7144e-01	7.9317e-01	6.7415e-01	5.1686e-01	4.4152e-01	2.2145e-01	2.5971e-01	2.6027e-01	2.6257e+02	2.4373e+02	2.0751e+02	5.7823e+02	1.7607e+02	2.1155e+02	3.0068e+02	2.9449e+02	2.8001e+02	3.3061e+02	
1968	5.0462e-01	5.2395e-01	5.6820e-01	7.9972e-01	6.7338e-01	5.0824e-01	4.4286e-01	2.1926e-01	2.5642e-01	2.5909e-01	2.5879e+02	2.3535e+02	2.2932e+02	5.6268e+02	1.7550e+02	1.9953e+02	3.0106e+02	2.8769e+02	2.8174e+02	3.3955e+02	
1969	5.0135e-01	5.2160e-01	5.7141e-01	7.8408e-01	6.6671e-01	5.0056e-01	4.4631e-01	2.1921e-01	2.6111e-01	2.5896e-01	2.5713e+02	2.3071e+02	2.1884e+02	5.4959e+02	1.7111e+02	1.9453e+02	3.0730e+02	2.8181e+02	2.9168e+02	3.3050e+02	
1970	5.0128e-01	5.2205e-01	5.6873e-01	7.6493e-01	6.6754e-01	5.0600e-01	4.4644e-01	2.1915e-01	2.5915e-01	2.4757e-01	2.6037e+02	2.2555e+02	2.3228e+02	5.5251e+02	1.7660e+02	2.0504e+02	3.0613e+02	2.9330e+02	2.8271e+02	3.2309e+02	
1971	5.0271e-01	5.2128e-01	5.6801e-01	7.7419e-01	6.7529e-01	5.0533e-01	4.4791e-01	2.2297e-01	2.5197e-01	2.4828e-01	2.6328e+02	2.2095e+02	2.1705e+02	5.4197e+02	1.7726e+02	2.0892e+02	3.1343e+02	3.0437e+02	2.8009e+02	3.2385e+02	
1972	5.0243e-01	5.1964e-01	5.7880e-01	7.7761e-01	6.7706e-01	4.9918e-01	4.4896e-01	2.2260e-01	2.6104e-01	2.4895e-01	2.5742e+02	2.0528e+02	2.5020e+02	5.4775e+02	1.7429e+02	1.9535e+02	3.0494e+02	3.0390e+02	2.9270e+02	3.2385e+02	
1973	5.0190e-01	5.2083e-01	5.9658e-01	7.7135e-01	6.7204e-01	5.0082e-01	4.4704e-01	2.1834e-01	2.6730e-01	2.4770e-01	2.5845e+02	2.6186e+02	2.6206e+02	5.5611e+02	1.7538e+02	1.9682e+02	3.0207e+02	2.8501e+02	2.7646e+02	3.1941e+02	
1974	5.0149e-01	5.2670e-01	6.0176e-01	7.7043e-01	6.7518e-01	5.0038e-01	4.4421e-01	2.1842e-01	2.5153e-01	2.4229e-01	2.6076e+02	2.7241e+02	2.4775e+02	5.5670e+02	1.7825e+02	2.0110e+02	3.0446e+02	2.8525e+02	2.6762e+02	3.2031e+02	
1975	5.0228e-01	5.2953e-01	6.0309e-01	7.5379e-01	6.7734e-01	4.9917e-01	4.4902e-01	2.1829e-01	2.4983e-01	2.4778e-01	2.5989e+02	2.2022e+02	2.5768e+02	5.5043e+02	1.8186e+02	1.9981e+02	3.0433e+02	2.8994e+02	2.7842e+02	3.2595e+02	
1976	5.0002e-01	5.2833e-01	6.0311e-01	7.4168e-01	6.7352e-01	4.9828e-01	4.4750e-01	2.1308e-01	2.5441e-01	2.4440e-01	2.5730e+02	2.5395e+02	2.5692e+02	5.4395e+02	1.7352e+02	1.9862e+02	3.0146e+02	2.7304e+02	2.7907e+02	3.2410e+02	
1977	5.0164e-01	5.3036e-01	6.0003e-01	7.4030e-01	6.6700e-01	4.9803e-01	4.5312e-01	2.1602e-01	2.6814e-01	2.5046e-01	2.5611e+02	2.2387e+02	2.1679e+02	5.5407e+02	1.7624e+02	1.9159e+02	3.0754e+02	2.6513e+02	2.8526e+02	3.2315e+02	
1978	5.0018e-01	5.2568e-01	5.7981e-01	7.5805e-01	6.6893e-01	4.9987e-01	4.4588e-01	2.1442e-01	2.7018e-01	2.4805e-01	2.5668e+02	2.2417e+02	2.0861e+02	5.5873e+02	1.8176e+02	1.9179e+02	3.0937e+02	2.7913e+02	2.7186e+02	3.1304e+02	
1979	4.9779e-01	5.2648e-01	5.6301e-01	7.7061e-01	6.7250e-01	4.9691e-01	4.4121e-01	2.1300e-01	2.5943e-01	2.4347e-01	2.5260e+02	2.2220e+02	2.1397e+02	5.7048e+02	1.7399e+02	1.8848e+02	3.0481e+02	2.8107e+02	2.5370e+02	3.0568e+02	
1980	4.9554e-01	5.2402e-01	5.5810e-01	7.6567e-01	6.6705e-01	4.9548e-01	4.3871e-01	2.1385e-01	2.6125e-01	2.4248e-01	2.5128e+02	2.1207e+02	2.2347e+02	5.6913e+02	1.7414e+02	1.8508e+02	3.0211e+02	2.7253e+02	2.7287e+02	2.9703e+02	
1981	4.9608e-01	5.2065e-01	5.7399e-01	7.5531e-01	6.6645e-01	4.9701e-01	4.3878e-01	2.1082e-01	2.6714e-01	2.4524e-01	2.5531e+02	2.0405e+02	2.3405e+02	5.8384e+02	1.7535e+02	1.9378e+02	3.0538e+02	2.5908e+02	2.7199e+02	3.0793e+02	
1982	4.9624e-01	5.2133e-01	5.8597e-01	7.6929e-01	6.6273e-01	4.9378e-01	4.4213e-01	2.1088e-01	2.6301e-01	2.4386e-01	2.5355e+02	2.2019e+02	1.9972e+02	5.6850e+02	1.6889e+02	1.8700e+02	3.0861e+02	2.7160e+02	2.8521e+02	3.1029e+02	
1983	4.9726e-01	5.2696e-01	5.8679e-01	7.6342e-01	6.6500e-01	4.9004e-01	4.4784e-01	2.1476e-01	2.6523e-01	2.4470e-01	2.5380e+02	2.4336e+02	2.6230e+02	5.7320e+02	1.7471e+02	1.8053e+02	3.0639e+02	2.7014e+02	2.7953e+02	3.0811e+02	
1984	4.9775e-01	5.2885e-01	6.0024e-01	7.6356e-01	6.6412e-01	4.9943e-01	4.4083e-01	2.1980e-01	2.5818e-01	2.4423e-01	2.5909e+02	2.5310e+02	2.5669e+02	5.7634e+02	1.7254e+02	2.0155e+02	3.0417e+02	2.8751e+02	2.7481e+02	3.0484e+02	
1985	5.0059e-01	5.2933e-01	5.9467e-01	7.6303e-01	6.6553e-01	5.0396e-01	4.4515e-01	2.2129e-01	2.5950e-01	2.4395e-01	2.5513e+02	2.0649e+02	2.3102e+02	5.6050e+02	1.7328e+02	1.9651e+02	3.0152e+02	2.9981e+02	2.7952e+02	3.0668e+02	
1986	4.9802e-01	5.2324e-01	5.8126e-01	7.5309e-01	6.7214e-01	4.9824e-01	4.4312e-01	2.1610e-01	2.5459e-01	2.3799e-01	2.5262e+02	2.1665e+02	2.1699e+02	5.8713e+02	1.7820e+02	1.8728e+02	2.9886e+02	2.8165e+02	2.7717e+02	2.9678e+02	
1987	4.9503e-01	5.2159e-01	5.6659e-01	7.3761e-01	6.7298e-01	4.9452e-01	4.3932e-01	2.0749e-01	2.6341e-01	2.3813e-01	2.5002e+02	2.0214e+02	2.1648e+02	5.8302e+02	1.8008e+02	1.7920e+02	3.0199e+02	2.6253e+02	2.7186e+02	2.9716e+02	
1988	4.9466e-01	5.1902e-01	5.5498e-01	7.3177e-01	6.6805e-01	5.0161e-01	4.3737e-01	2.0733e-01	2.5728e-01	2.3771e-01	2.4964e+02	1.9154e+02	1.9616e+02	5.6241e+02	1.7463e+02	1.9383e+02	2.9960e+02	2.7038e+02	2.5180e+02	2.9287e+02	
1989	4.9151e-01	5.1394e-01	5.4968e-01	7.4522e-01	6.5893e-01	4.9853e-01	4.3449e-01	2.1044e-01	2.4752e-01	2.3711e-01	2.5103e+02	2.0253e+02	2.1603e+02	5.9367e+02	1.6504e+02	1.9530e+02	3.0019e+02	2.6496e+02	2.5957e+02	2.8933e+02	
1990	4.9256e-01	5.1945e-01	5.7459e-01	7.5582e-01	6.5665e-01	4.9811e-01	4.3600e-01	2.1565e-01	2.4518e-01	2.3208e-01	2.5283e+02	2.4856e+02	2.7146e+02	5.9224e+02	1.6616e+02	1.8823e+02	3.0190e+02	2.7753e+02	2.6989e+02	2.8092e+02	
1991	4.9521e-01	5.2715e-01	6.0761e-01	7.5802e-01	6.6059e-01	4.9662e-01	4.3831e-01	2.1310e-01	2.5445e-01	2.3604e-01	2.5186e+02	2.3605e+02	2.6766e+02	5.7332e+02	1.7048e+02	1.8603e+02	3.0352e+02	2.6853e+02	2.6977e+02	2.7624e+02	
1992	4.9537e-01	5.2904e-01	6.2446e-01	7.3755e-01	6.6218e-01	4.9193e-01	4.4190e-01	2.0996e-01	2.7152e-01	2.3942e-01	2.5125e+02	2.5011e+02	2.6226e+02	5.5181e+02	1.6902e+02	1.8385e+02	3.0895e+02	2.6186e+02	2.5756e+02	2.8764e+02	
1993	4.9660e-01	5.3527e-01	6.3585e-01	7.3889e-01	6.6587e-01	4.9434e-01	4.4200e-01	2.1612e-01	2.6369e-01	2.3187e-01	2.5510e+02	2.6058e+02	2.7564e+02	5.6745e+02	1.7230e+02	1.8453e+02	3.1267e+02	2.7099e+02	2.6765e+02	2.7450e+02	
1994	4.9774e-01	5.3800e-01	6.4908e-01	7.4033e-01	6.6672e-01	4.9667e-01	4.4401e-01	2.1653e-01	2.5279e-01	2.2420e-01	2.5299e+02	2.4873e+02	2.7880e+02	5.3481e+02	1.6968e+02	1.8711e+02	3.1178e+02	2.7683e+02	2.6810e+02	2.4992e+02	
1995	5.0035e-01	5.4068e-01	6.3491e-01	7.4435e-01	6.7153e-01	4.9770e-01	4.4868e-01	2.1852e-01	2.5210e-01	2.2433e-01	2.4951e+02	2.5143e+02	2.5005e+02	5.3956e+02	1.7049e+02	1.8490e+02	3.0485e+02	2.8114e+02	2.6104e+02	2.5116e+02	
1996	4.9663e-01	5.4082e-01	6.0326e-01	7.5216e-01	6.6942e-01	4.9695e-01	4.4158e-01	2.1713e-01	2.4092e-01	2.3009e-01	2.4804e+02	2.5124e+02	2.3194e+02	5.5367e+02	1.6680e+02	1.8516e+02	3.0127e+02	2.7174e+02	2.6031e+02	2.6750e+02	
1997	4.9718e-01	5.3974e-01	5.8233e-01	7.5909e-01	6.7216e-01	4.8880e-01	4.4941e-01	2.1496e-01	2.4483e-01	2.3257e-01	2.4791e+02	2.2581e+02	2.1000e+02	5.4496e+02	1.6787e+02	1.7333e+02	3.1092e+02	2.7489e+02	2.7550e+02	2.7701e+02	
1998	4.9755e-01	5.3817e-01	5.6241e-01	7.6379e-01	6.7490e-01	4.8820e-01	4.4941e-01	2.1127e-01	2.4960e-01	2.3120e-01	2.4711e+02	2.4235e+02	1.9951e+02	5.3957e+02	1.7096e+02	1.7542e+02	3.0470e+02	2.7183e+02	2.6395e+02	2.8123e+02	
1999	4.9756e-01	5.3623e-01	5.7382e-01	7.7291e-01	6.7309e-01	4.9769e-01	4.4143e-01	2.0847e-01	2.3370e-01	2.3112e-01	2.4856e+02	1.9656e+02	2.5476e+02	5.3561e+02	1.6207e+02	1.8982e+02	3.0721e+02	2.8041e+02	2.3554e+02	2.7322e+02	
2000	4.9804e-01	5.3313e-01	6.1284e-01	7.8100e-01	6.6518e-01	5.0007e-01	4.4245e-01	2.1100e-01	2.3183e-01	2.2998e-01	2.5181e+02	2.4848e+02	2.6193e+02	5.5217e+02	1.6372e+02	1.9826e+02	3.0681e+02	2.7237e+02	2.2685e+02	2.6680e+02	
2001	4.9916e-01	5.3512e-01	6.2146e-01	7.6932e-01	6.6587e-01	5.0571e-01	4.4194e-01	2.0710e-01	2.3458e-01	2.3000e-01	2.4999e+02	2.4390e+02	2.2473e+02	5.3532e+02	1.6943e+02	1.9479e+02	3.0539e+02	2.6255e+02	2.3869e+02	2.6989e+02	
2002	4.9642e-01	5.3689e-01	6.1221e-01	7.6370e-01	6.6760e-01	4.9975e-01	4.3960e-01	2.0430e-01	2.3800e-01	2.2755e-01	2.4553e+02	2.1708e+02	2.4928e+02	5.3579e+02	1.7250e+02	1.8415e+02	2.9930e+02	2.5334e+02	2.5051e+02	2.6711e+02	
2003	4.9689e-01	5.3218e-01	6.3151e-01	7.5453e-01	6.6932e-01	5.0068e-01	4.3846e-01	2.0937e-01	2.4706e-01	2.2642e-01	2.5164e+02	1.9394e+02	2.6893e+02	5.5111e+02	1.7865e+02	1.9078e+02	3.0032e+02	2.6782e+02	2.7396e+02	2.7700e+02	
2004	4.9883e-01	5.3123e-01	6.2503e-01	7.6352e-01	6.7079e-01	5.0257e-01	4.4128e-01	2.1110e-01	2.4829e-01	2.2618e-01	2.5270e+02	2.0506e+02	2.0972e+02	5.5525e+02	1.7815e+02	1.9142e+02	3.0476e+02	2.8269e+02	2.7410e+02	2.7275e+02	
2005	5.0077e-01	5.2976e-01	6.0865e-01	7.6690e-01	6.7399e-01	5.0510e-01	4.4492e-01	2.0897e-01	2.4972e-01	2.2440e-01	2.5421e+02	2.0872e+02	2.4058e+02	5.8196e+02	1.7648e+02	1.9537e+02	3.0235e+02	2.6650e+02	2.7675e+02	2.6428e+02	
2006	4.9988e-01	5.2414e-01	6.0338e-01	7.7928e-01	6.6817e-01	5.0613e-01	4.4303e-01	2.0925e-01	2.5121e-01	2.2497e-01	2.5568e+02	2.9947e+02	2.1005e+02	5.5831e+02	1.7136e+02	1.9855e+02	3.0264e+02	2.6674e+02	2.7875e+02	2.6804e+02	
2007	4.9978e-01	5.2638e-01	5.9987e-01	7.8546e-01	6.6864e-01	5.0645e-01	4.4147e-01	2.0860e-01	2.4754e-01	2.2309e-01	2.5290e+02	2.4831e+02	2.2669e+02	5.3976e+02	1.7752e+02	2.0306e+02	2.9818e+02	2.6463e+02	2.6037e+02	2.5537e+02	
2008	4.9918e-01	5.2426e-01	6.1586e-01	7.8717e-01	6.7119e-01	5.0390e-01	4.4116e-01	2.0338e-01	2.3967e-01	2.2283e-01	2.5683e+02	2.4100e+02	2.6388e+02	5.4616e+02	1.7978e+02	2.0375e+02	3.0466e+02	2.6476e+02	2.6091e+02	2.6875e+02	
2009	4.9982e-01	5.2277e-01	6.4210e-01	7.9550e-01	6.6786e-01	5.0084e-01	4.4622e-01	2.0407e-01	2.3537e-01	2.2448e-01	2.5382e+02	2.4754e+02	2.6177e+02	5.3715e+02	1.7175e+02	1.9772e+02	3.0908e+02	2.5186e+02	2.5363e+02	2.6310e+02	
2010	5.0091e-01	5.2281e-01	6.2411e-01	7.8931e-01	6.6378e-01	5.0462e-01	4.4959e-01	2.0296e-01	2.3846e-01	2.2765e-01	2.5709e+02	2.2115e+02	2.2263e+02	5.4740e+02	1.7994e+02	2.0040e+02	3.0906e+02	2.7080e+02	2.7368e+02	2.7902e+02	
2011	5.0143e-01	5.1816e-01	5.8985e-01	8.0297e-01	6.7359e-01	5.0645e-01	4.4489e-01	2.0385e-01	2.3762e-01	2.2951e-01	2.5642e+02	2.5188e+02	2.0348e+02	5.4240e+02	1.8801e+02	2.0354e+02	3.0519e+02	2.5321e+02	2.5034e+02	2.7454e+02	
2012	4.9905e-01	5.1866e-01	5.8735e-01	8.0976e-01	6.7022e-01	4.9898e-01	4.4615e-01	2.0110e-01	2.3499e-01	2.3296e-01	2.5281e+02	2.6239e+02	2.5952e+02	5.3690e+02	1.7487e+02	1.9279e+02	3.0573e+02	2.5280e+02	2.4270e+02	2.9155e+02	
2013	5.0118e-01	5.2373e-01	6.0117e-01	8.1634e-01	6.6806e-01	4.9776e-01	4.5234e-01	1.9927e-01	2.4024e-01	2.3435e-01	2.5594e+02	2.7331e+02	2.3947e+02	5.2484e+02	1.7658e+02	1.9669e+02	3.0831e+02	2.5942e+02	2.5751e+02	3.0748e+02	
2014	5.0004e-01	5.2877e-01	6.2318e-01	8.1066e-01	6.7192e-01	4.9501e-01	4.4582e-01	2.0009e-01	2.4498e-01	2.3996e-01	2.5590e+02	2.7018e+02	2.7918e+02	5.2550e+02	1.7985e+02	1.9227e+02	3.0558e+02	2.5448e+02	2.6267e+02	3.0937e+02	
2015	4.9904e-01	5.3459e-01	6.3911e-01	7.9637e-01	6.7136e-01	4.9464e-01	4.4500e-01	1.9816e-01	2.4581e-01	2.2990e-01	2.5587e+02	3.0252e+02	2.9419e+02	5.1234e+02	1.7825e+02	1.8744e+02	3.1084e+02	2.5574e+02	2.6225e+02	2.9289e+02	
