1749.5  275.18  0       0       0       0       0       0       270.55  270.55
1750.5  275.18  0       0       0       0       0       0       270.55  270.55
1751.5  275.29  0       0       0       0       0       0       270.56  270.56
1752.5  275.39  0       0       0       0       0       0       270.58  270.58
1753.5  275.5   0       0       0       0       0       0       270.59  270.59
1754.5  275.62  0       0       0       0       0       0       270.61  270.61
1755.5  275.73  0       0       0       0       0       0       270.62  270.62
1756.5  275.85  0       0       0       0       0       0       270.64  270.64
1757.5  275.98  0       0       0       0       0       0       270.66  270.66
1758.5  276.1   0       0       0       0       0       0       270.67  270.67
1759.5  276.24  0       0       0       0       0       0       270.69  270.69
1760.5  276.38  0       0       0       0       0       0       270.71  270.71
1761.5  276.54  0       0       0       0       0       0       270.73  270.73
1762.5  276.71  0       0       0       0       0       0       270.74  270.74
1763.5  276.89  0       0       0       0       0       0       270.76  270.76
1764.5  276.09  0       0       0       0       0       0       270.78  270.78
1765.5	276.76	0	0	0	0	0	0	270.47	270.47
1766.5	276.83	0	0	0	0	0	0	270.49	270.49
1767.5	276.9	0	0	0	0	0	0	270.5	270.5
1768.5	276.99	0	0	0	0	0	0	270.52	270.52
1769.5	277.08	0	0	0	0	0	0	270.53	270.53
1770.5	277.18	0	0	0	0	0	0	270.55	270.55
1771.5	277.29	0	0	0	0	0	0	270.56	270.56
1772.5	277.39	0	0	0	0	0	0	270.58	270.58
1773.5	277.5	0	0	0	0	0	0	270.59	270.59
1774.5	277.62	0	0	0	0	0	0	270.61	270.61
1775.5	277.73	0	0	0	0	0	0	270.62	270.62
1776.5	277.85	0	0	0	0	0	0	270.64	270.64
1777.5	277.98	0	0	0	0	0	0	270.66	270.66
1778.5	278.1	0	0	0	0	0	0	270.67	270.67
1779.5	278.24	0	0	0	0	0	0	270.69	270.69
1780.5	278.38	0	0	0	0	0	0	270.71	270.71
1781.5	278.54	0	0	0	0	0	0	270.73	270.73
1782.5	278.71	0	0	0	0	0	0	270.74	270.74
1783.5	278.89	0	0	0	0	0	0	270.76	270.76
1784.5	279.09	0	0	0	0	0	0	270.78	270.78
1785.5	279.29	0	0	0	0	0	0	270.8	270.8
1786.5	279.51	0	0	0	0	0	0	270.82	270.82
1787.5	279.73	0	0	0	0	0	0	270.84	270.84
1788.5	279.96	0	0	0	0	0	0	270.86	270.86
1789.5	280.19	0	0	0	0	0	0	270.88	270.88
1790.5	280.43	0	0	0	0	0	0	270.9	270.9
1791.5	280.66	0	0	0	0	0	0	270.92	270.92
1792.5	280.89	0	0	0	0	0	0	270.95	270.95
1793.5	281.12	0	0	0	0	0	0	270.97	270.97
1794.5	281.34	0	0	0	0	0	0	270.99	270.99
1795.5	281.56	0	0	0	0	0	0	271.02	271.02
1796.5	281.77	0	0	0	0	0	0	271.04	271.04
1797.5	281.98	0	0	0	0	0	0	271.06	271.06
1798.5	282.17	0	0	0	0	0	0	271.09	271.09
1799.5	282.36	0	0	0	0	0	0	271.11	271.11
1800.5	282.53	0	0	0	0	0	0	271.14	271.14
1801.5	282.7	0	0	0	0	0	0	271.16	271.16
1802.5	282.86	0	0	0	0	0	0	271.19	271.19
1803.5	283.27	0	0	0	0	0	0	271.21	271.21
1804.5	283.14	0	0	0	0	0	0	271.24	271.24
1805.5	283.27	0	0	0	0	0	0	271.27	271.27
1806.5	283.38	0	0	0	0	0	0	271.3	271.3
1807.5	283.48	0	0	0	0	0	0	271.33	271.33
1808.5	283.57	0	0	0	0	0	0	271.36	271.36
1809.5	283.65	0	0	0	0	0	0	271.39	271.39
1810.5	283.71	0	0	0	0	0	0	271.42	271.42
1811.5	283.76	0	0	0	0	0	0	271.45	271.45
1812.5	283.79	0	0	0	0	0	0	271.48	271.48
1813.5	283.81	0	0	0	0	0	0	271.51	271.51
1814.5	283.81	0	0	0	0	0	0	271.54	271.54
1815.5	283.8	0	0	0	0	0	0	271.57	271.57
1816.5	283.77	0	0	0	0	0	0	271.61	271.61
1817.5	283.73	0	0	0	0	0	0	271.64	271.64
1818.5	283.69	0	0	0	0	0	0	271.67	271.67
1819.5	283.65	0	0	0	0	0	0	271.71	271.71
1820.5	283.6	0	0	0	0	0	0	271.75	271.75
1821.5	283.55	0	0	0	0	0	0	271.78	271.78
1822.5	283.52	0	0	0	0	0	0	271.82	271.82
1823.5	283.48	0	0	0	0	0	0	271.86	271.86
1824.5	283.46	0	0	0	0	0	0	271.89	271.89
1825.5	283.46	0	0	0	0	0	0	271.93	271.93
1826.5	283.47	0	0	0	0	0	0	271.97	271.97
1827.5	283.5	0	0	0	0	0	0	272.01	272.01
1828.5	283.53	0	0	0	0	0	0	272.05	272.05
1829.5	283.58	0	0	0	0	0	0	272.1	272.1
1830.5	283.63	0	0	0	0	0	0	272.14	272.14
1831.5	283.69	0	0	0	0	0	0	272.18	272.18
1832.5	283.76	0	0	0	0	0	0	272.23	272.23
1833.5	283.83	0	0	0	0	0	0	272.27	272.27
1834.5	283.91	0	0	0	0	0	0	272.32	272.32
1835.5	284.27	0	0	0	0	0	0	272.36	272.36
1836.5	284.11	0	0	0	0	0	0	272.41	272.41
1837.5	284.23	0	0	0	0	0	0	272.46	272.46
1838.5	284.36	0	0	0	0	0	0	272.51	272.51
1839.5	284.52	0	0	0	0	0	0	272.56	272.56
1840.5	284.7	0	0	0	0	0	0	272.61	272.61
1841.5	284.91	0	0	0	0	0	0	272.66	272.66
1842.5	285.13	0	0	0	0	0	0	272.71	272.71
1843.5	285.35	0	0	0	0	0	0	272.77	272.77
1844.5	285.57	0	0	0	0	0	0	272.82	272.82
1845.5	285.78	0	0	0	0	0	0	272.88	272.88
1846.5	285.97	0	0	0	0	0	0	272.93	272.93
1847.5	286.14	0	0	0	0	0	0	272.99	272.99
1848.5	286.27	0	0	0	0	0	0	273.05	273.05
1849.5	286.38	0	0	0	0	0	0	273.11	273.11
1850.5	286.46	0	0	0	0	0	0	273.17	273.17
1851.5	286.5	0	0	0	0	0	0	273.23	273.23
1852.5	286.52	0	0	0	0	0	0	273.29	273.29
1853.5	286.52	0	0	0	0	0	0	273.35	273.35
1854.5	286.49	0	0	0	0	0	0	273.42	273.42
1855.5	286.46	0	0	0	0	0	0	273.48	273.48
1856.5	286.44	0	0	0	0	0	0	273.55	273.55
1857.5	286.42	0	0	0	0	0	0	273.62	273.61
1858.5	286.4	0	0	0	0	0	0	273.69	273.68
1859.5	286.4	0	0	0	0	0	0	273.76	273.75
1860.5	286.42	0	0	0	0	0	0	273.83	273.82
1861.5	286.45	0	0	0	0	0	0	273.91	273.89
1862.5	286.51	0	0	0	0	0	0	273.98	273.97
1863.5	286.59	0	0	0	0	0	0	274.06	274.04
1864.5	286.7	0	0	0	0	0	0	274.14	274.12
1865.5	286.84	0	0	0	0	0	0	274.22	274.19
1866.5	287.01	0	0	0	0	0	0	274.3	274.27
1867.5	287.2	0	0	0	0	0	0	274.38	274.35
1868.5	287.41	0	0	0	0	0	0	274.46	274.43
1869.5	287.63	0	0	0	0	0	0	274.55	274.51
1870.5	287.86	0	0	0	0	0	0	274.63	274.6
1871.5	288.1	0	0	0	0	0	0	274.72	274.68
1872.5	288.33	0	0	0	0	0	0	274.81	274.77
1873.5	288.55	0	0	0	0	0	0	274.9	274.86
1874.5	288.76	0	0	0	0	0	0	274.99	274.95
1875.5	288.96	0	0	0	0	0	0	275.08	275.04
1876.5	289.15	0	0	0	0	0	0	275.18	275.13
1877.5	289.35	0	0	0	0	0	0	275.27	275.23
1878.5	289.55	0	0	0	0	0	0	275.37	275.32
1879.5	289.76	0	0	0	0	0	0	275.47	275.42
1880.5	289.99	0	0	0	0	0	0	275.58	275.52
1881.5	290.23	0	0	0	0	0	0	275.68	275.62
1882.5	290.5	0	0	0	0	0	0	275.79	275.72
1883.5	290.79	0	0	0	0	0	0	275.89	275.83
1884.5	291.11	0	0	0	0	0	0	276	275.93
1885.5	291.46	0	0	0	0	0	0	276.11	276.04
1886.5	291.84	0	0	0	0	0	0	276.23	276.15
1887.5	292.23	0	0	0	0	0	0	276.34	276.26
1888.5	292.63	0	0	0	0	0	0	276.46	276.38
1889.5	293.03	0	0	0	0	0	0	276.58	276.49
1890.5	293.44	0	0	0	0	0	0	276.7	276.61
1891.5	293.84	0	0	0	0	0	0	276.82	276.73
1892.5	294.23	0	0	0	0	0	0	276.95	276.85
1893.5	294.61	0	0	0	0	0	0	277.07	276.98
1894.5	294.96	0	0	0	0	0	0	277.2	277.1
1895.5	295.29	0	0	0	0	0	0	277.33	277.23
1896.5	295.59	0	0	0	0	0	0	277.47	277.36
1897.5	295.85	0	0	0	0	0	0	277.6	277.49
1898.5	296.1	0	0	0	0	0	0	277.74	277.63
1899.5	296.33	0	0	0	0	0	0	277.88	277.77
1900.5	296.56	0	0	0	0	0	0	278.03	277.91
1901.5	296.79	0	0	0	0	0	0	278.17	278.05
1902.5	297.03	0	0	0	0	0	0	278.32	278.2
1903.5	297.28	0	0	0	0	0	0	278.47	278.34
1904.5	297.56	0	0	0	0	0	0	278.62	278.49
1905.5	297.85	0	0	0	0	0	0	278.78	278.64
1906.5	298.16	0	0	0	0	0	0	278.94	278.8
1907.5	298.48	0	0	0	0	0	0	279.1	278.96
1908.5	298.81	0	0	0	0	0	0	279.26	279.12
1909.5	299.14	0	0	0	0	0	0	279.43	279.28
1910.5	299.48	0	0	0	0	0	0	279.6	279.44
1911.5	299.82	0	0	0	0	0.1	0	279.77	279.61
1912.5	300.19	0	0	0	0	0.1	0.1	279.95	279.78
1913.5	300.56	0	0	0	0	0.1	0.1	280.13	279.96
1914.5	300.95	0	0	0	0	0.2	0.1	280.31	280.14
1915.5	301.35	0	0	0	0	0.3	0.2	280.49	280.32
1916.5	301.75	0	0	0	0	0.5	0.3	280.68	280.5
1917.5	302.14	0	0	0	0	0.8	0.5	280.87	280.69
1918.5	302.53	0	0	0	0	1	0.7	281.07	280.88
1919.5	302.91	0	0	0	0	1.1	0.9	281.26	281.07
1920.5	303.27	0	0	0	0	1.2	1.1	281.46	281.27
1921.5	303.61	0	0	0	0	1.3	1.2	281.67	281.46
1922.5	303.96	0	0	0	0	1.4	1.2	281.88	281.67
1923.5	304.3	0	0	0	0	1.7	1.4	282.09	281.87
1924.5	304.65	0	0	0	0	1.9	1.6	282.3	282.08
1925.5	304.99	0	0	0	0	2.2	1.8	282.52	282.3
1926.5	305.35	0	0	0	0	2.5	2.1	282.74	282.52
1927.5	305.71	0	0	0	0	2.8	2.4	282.97	282.74
1928.5	306.08	0	0	0	0	3.1	2.7	283.2	282.96
1929.5	306.45	0	0	0	0	3.6	3	283.43	283.19
1930.5	306.83	0	0	0	0	4.2	3.5	283.67	283.42
1931.5	307.2	0	0	0	0	4.8	4.1	283.91	283.66
1932.5	307.57	0	0	0	0	5.4	4.6	284.16	283.9
1933.5	307.94	0	0	0	0	6	5.2	284.41	284.14
1934.5	308.31	0	0	0	0	6.8	5.8	284.66	284.39
1935.5	308.67	0	0	0	0	7.8	6.6	284.92	284.64
1936.5	309.02	0	0	0.1	0	8.9	7.5	285.18	284.9
1937.5	309.36	0	0	0.1	0.1	10.3	8.6	285.45	285.16
1938.5	309.69	0	0	0.2	0.1	11.6	9.9	285.72	285.43
1939.5	309.99	0	0	0.3	0.2	12.9	11.1	286	285.7
1940.5	310.26	0	0	0.4	0.3	14.4	12.4	286.28	285.97
1941.5	310.49	0	0	0.5	0.4	16.2	14	286.56	286.25
1942.5	310.67	0	0	0.7	0.5	18.5	15.8	286.86	286.54
1943.5	310.81	0	0	0.9	0.7	21.2	18	287.15	286.83
1944.5	310.92	0	0	1.2	0.9	24.2	20.5	287.45	287.12
1945.5	311.02	0.1	0	1.7	1.2	26.7	23.2	287.76	287.42
1946.5	311.12	0.1	0.1	2.3	1.7	28.2	25.3	288.07	287.73
1947.5	311.23	0.1	0.1	3.4	2.4	30.1	27.1	288.38	288.04
1948.5	311.36	0.2	0.1	4.8	3.4	32.5	29.2	288.71	288.35
1949.5	311.51	0.4	0.2	6.1	4.7	34.2	31.2	289.03	288.67
1950.5	311.7	0.7	0.4	7.6	6	35.6	32.9	289.36	288.99
1951.5	311.91	1.01	0.7	9.2	7.4	37.3	34.4	289.7	289.33
1952.5	312.15	1.51	1.01	11	9	38.4	35.9	290.05	289.66
1953.5	312.42	2.21	1.51	12.8	10.7	39.3	37	290.4	290.01
1954.5	312.73	3.02	2.21	15	12.6	39.7	37.8	290.75	290.35
1955.5	313.08	4.12	3.02	17.4	14.7	40.1	38.3	291.11	290.71
1956.5	313.47	5.33	4.02	20.2	17.1	40.4	38.7	291.48	291.07
1957.5	313.91	6.83	5.23	23.4	19.9	40.6	39	291.86	291.43
1958.5	315.4	8.14	6.53	26.8	23	41.5	39.5	292.23	291.8
1959.5	316.42	9.45	7.84	30.5	26.3	42.6	40.3	292.62	292.18
1960.5	317.84	11.06	9.15	35	30.1	43.7	41.2	293.01	292.57
1961.5	318.29	13.27	10.85	40	34.4	44.7	42.2	293.41	292.96
1962.5	318.75	16.18	13.07	45.8	39.4	45.9	43.3	293.82	293.36
1963.5	319.65	19.6	15.78	52.5	45.1	47.6	44.5	294.23	293.76
1964.5	320.05	23.72	19.2	60.4	51.8	49.4	46.1	294.65	294.17
1965.5	320.29	28.44	23.12	69.3	59.5	50.9	47.7	295.08	294.59
1966.5	321.86	33.67	27.64	79.2	68.2	53	49.3	295.52	295.02
1967.5	322.17	39.4	32.66	90.3	77.9	55.8	51.4	295.96	295.45
1968.5	323.42	46.03	38.29	102.8	88.8	59.1	54.1	296.41	295.89
1969.5	324.8	53.77	44.82	116.8	101.1	63.4	57.4	296.86	296.34
1970.5	325.67	62.41	52.26	132	114.7	69.3	61.7	297.33	296.79
1971.5	326.56	72.06	60.7	148.4	129.6	74.9	67	297.8	297.26
1972.5	327.05	82.71	69.95	166.1	145.7	77.6	71.4	298.28	297.73
1973.5	330.01	94.87	80.4	185.8	163.3	79.7	74.3	298.77	298.21
1974.5	330.08	108.34	92.16	207.1	182.5	83.2	77.2	299.26	298.69
1975.5	331.34	121.41	104.72	228.2	202.9	85.2	80	299.77	299.19
1976.5	331.89	133.97	117.09	248.1	223.2	87	82.1	300.28	299.69
1977.5	333.58	145.93	129.35	266.9	242.7	89.8	84.4	300.8	300.2
1978.5	335.75	156.58	140.8	284.3	261.2	91.9	86.7	301.33	300.72
1979.5	336.85	168.34	148.74	306.1	273.5	93.3	88.6	301.87	301.25
1980.5	339.1	176.68	159.3	323.2	292.3	94.9	89.6	302.42	301.79
1981.5	340.29	184.32	167.84	339.6	308.8	96.4	90.8	302.98	302.33
1982.5	341.52	191.46	176.08	353.4	325.5	97.5	92.3	303.55	302.89
1983.5	343.24	199.3	184.52	369	342.6	98.5	93.5	304.12	303.46
1984.5	344.46	208.04	192.46	385.7	359.4	99.8	95.1	304.71	304.03
1985.5	345.94	217.99	202.01	403.4	378.2	100.5	96.6	305.3	304.62
1986.5	347.4	229.35	211.36	424.3	396.5	101.9	98.2	305.91	305.21
1987.5	349.16	241.61	222.21	444	416.3	102.5	100	306.53	305.82
1988.5	351.34	252.86	233.27	465.4	435.8	103.5	100.6	307.15	306.43
1989.5	352.96	259.3	242.11	483.6	454.4	104.4	101.1	307.79	307.05
1990.5	354.1	265.83	251.06	497.7	472.7	104.9	102.3	308.44	307.69
1991.5	355.6	268.24	256.68	506	487.3	105.5	102.5	309.1	308.34
1992.5	356.76	268.14	260.8	516.3	498.3	104.9	101.9	309.77	308.99
1993.5	357.17	269.55	262.51	523.2	507	104	101.1	310.45	309.66
1994.5	358.4	269.65	263.72	528.5	514.8	103	100.3	311.14	310.34
1995.5	360.54	268.34	263.22	533.4	521	102.1	99.6	311.84	311.03
1996.5	362.15	266.93	262.91	537.3	526.5	101.1	98.6	312.56	311.73
1997.5	363.34	265.73	262.01	540.1	530.8	100.2	98	313.29	312.45
1998.5	366.28	264.52	261.01	542.9	534.3	99.2	97	314.03	313.17
1999.5	367.89	263.12	259.9	544.4	537.2	98.2	96.2	314.78	313.91
2000.5	369.12	261.71	258.29	545.9	539	97.3	95.4	315.54	314.66
2001.5	370.53	260	256.98	546.5	540.6	96.3	94.4	316.32	315.42
2002.5	372.86	258.19	255.08	546.7	541.3	95.3	93.6	317.11	316.2
2003.5	375.54	256.18	253.27	546.7	541.6	94.3	92.5	317.91	316.99
2004.5	377.09	253.97	251.36	545.7	541.5	93.3	91.7	318.73	317.79
2005.5	379.36	251.96	249.15	544.9	540.7	92.4	90.8	319.56	318.6
2006.5	381.24	249.55	247.34	543.1	539.8	91.3	89.7	320.41	319.43
2007.5	383.29	247.54	245.03	541.1	538.1	90.4	88.9	321.26	320.28
2008.5	385.04	245.63	243.12	538.6	536.2	89.3	87.7	322.14	321.13
2009.5	386.66	243.61	241.05	536.12	533.47	87.61	85.95	323.02	322
2010.5	388.88	241.31	239.15	533.26	531.03	86.57	85.14	323.93	322.89
2011.5	390.6	239.4	236.84	530.6	528.53	85.43	83.78	324.84	323.79
2012.5	392.58	236.89	234.77	527.2	526	84.34	82.82	325.78	324.71
2013.5	395.56	235.57	232.88	525.22	523.25	83.27	81.6	326.73	325.64
2014.5	397.86	234.97	231.49	522.97	521	82.51	80.79	327.69	326.58
2015.5	399.85	234.36	230.09	520.71	518.74	81.76	79.99	328.67	327.55
2016.5  402.63  231.7   227.9  520.71  518.74  81.76   79.99   328.67  327.55
2017.5  404.77  230.45  226.8  522.97  521     82.51   80.79   327.69  326.58
2018.5  411     229.4   226.3  525.22  523.25  83.27   81.6    326.73  325.64
2019.5	399.85	234.36	230.09	520.71	518.74	81.76	79.99	328.67	327.55
2020.5	397.86	234.97	231.49	522.97	521	82.51	80.79	327.69	326.58
2013.5	395.56	235.57	232.88	525.22	523.25	83.27	81.6	326.73	325.64
2012.5	392.58	236.89	234.77	527.2	526	84.34	82.82	325.78	324.71
2011.5	390.6	239.4	236.84	530.6	528.53	85.43	83.78	324.84	323.79
2010.5	388.88	241.31	239.15	533.26	531.03	86.57	85.14	323.93	322.89
2009.5	386.66	243.61	241.05	536.12	533.47	87.61	85.95	323.02	322
2008.5	385.04	245.63	243.12	538.6	536.2	89.3	87.7	322.14	321.13
2007.5	383.29	247.54	245.03	541.1	538.1	90.4	88.9	321.26	320.28
2006.5	381.24	249.55	247.34	543.1	539.8	91.3	89.7	320.41	319.43
2005.5	379.36	251.96	249.15	544.9	540.7	92.4	90.8	319.56	318.6
2004.5	377.09	253.97	251.36	545.7	541.5	93.3	91.7	318.73	317.79
2003.5	375.54	256.18	253.27	546.7	541.6	94.3	92.5	317.91	316.99
2002.5	372.86	258.19	255.08	546.7	541.3	95.3	93.6	317.11	316.2
2001.5	370.53	260	256.98	546.5	540.6	96.3	94.4	316.32	315.42
2000.5	369.12	261.71	258.29	545.9	539	97.3	95.4	315.54	314.66
1999.5	367.89	263.12	259.9	544.4	537.2	98.2	96.2	314.78	313.91
1998.5	366.28	264.52	261.01	542.9	534.3	99.2	97	314.03	313.17
1997.5	363.34	265.73	262.01	540.1	530.8	100.2	98	313.29	312.45
1996.5	362.15	266.93	262.91	537.3	526.5	101.1	98.6	312.56	311.73
1995.5	360.54	268.34	263.22	533.4	521	102.1	99.6	311.84	311.03
1994.5	358.4	269.65	263.72	528.5	514.8	103	100.3	311.14	310.34
1993.5	357.17	269.55	262.51	523.2	507	104	101.1	310.45	309.66
1992.5	356.76	268.14	260.8	516.3	498.3	104.9	101.9	309.77	308.99
1991.5	355.6	268.24	256.68	506	487.3	105.5	102.5	309.1	308.34
1990.5	354.1	265.83	251.06	497.7	472.7	104.9	102.3	308.44	307.69
1989.5	352.96	259.3	242.11	483.6	454.4	104.4	101.1	307.79	307.05
1988.5	351.34	252.86	233.27	465.4	435.8	103.5	100.6	307.15	306.43
1987.5	349.16	241.61	222.21	444	416.3	102.5	100	306.53	305.82
1986.5	347.4	229.35	211.36	424.3	396.5	101.9	98.2	305.91	305.21
1985.5	345.94	217.99	202.01	403.4	378.2	100.5	96.6	305.3	304.62
1984.5	344.46	208.04	192.46	385.7	359.4	99.8	95.1	304.71	304.03
1983.5	343.24	199.3	184.52	369	342.6	98.5	93.5	304.12	303.46
1982.5	341.52	191.46	176.08	353.4	325.5	97.5	92.3	303.55	302.89
1981.5	340.29	184.32	167.84	339.6	308.8	96.4	90.8	302.98	302.33
1980.5	339.1	176.68	159.3	323.2	292.3	94.9	89.6	302.42	301.79
1979.5	336.85	168.34	148.74	306.1	273.5	93.3	88.6	301.87	301.25
1978.5	335.75	156.58	140.8	284.3	261.2	91.9	86.7	301.33	300.72
1977.5	333.58	145.93	129.35	266.9	242.7	89.8	84.4	300.8	300.2
1976.5	331.89	133.97	117.09	248.1	223.2	87	82.1	300.28	299.69
1975.5	331.34	121.41	104.72	228.2	202.9	85.2	80	299.77	299.19
1974.5	330.08	108.34	92.16	207.1	182.5	83.2	77.2	299.26	298.69
1973.5	330.01	94.87	80.4	185.8	163.3	79.7	74.3	298.77	298.21
1972.5	327.05	82.71	69.95	166.1	145.7	77.6	71.4	298.28	297.73
1971.5	326.56	72.06	60.7	148.4	129.6	74.9	67	297.8	297.26
1970.5	325.67	62.41	52.26	132	114.7	69.3	61.7	297.33	296.79
1969.5	324.8	53.77	44.82	116.8	101.1	63.4	57.4	296.86	296.34
1968.5	323.42	46.03	38.29	102.8	88.8	59.1	54.1	296.41	295.89
1967.5	322.17	39.4	32.66	90.3	77.9	55.8	51.4	295.96	295.45
1966.5	321.86	33.67	27.64	79.2	68.2	53	49.3	295.52	295.02
1965.5	320 29	28.44	23.12	69.3	59.5	50.9	47.7	295.08	294.59
1964.5	320.05	23.72	19.2	60.4	51.8	49.4	46.1	294.65	294.17
1963.5	319.65	19.6	15.78	52.5	45.1	47.6	44.5	294.23	293.76
1962.5	318.75	16.18	13.07	45.8	39.4	45.9	43.3	293.82	293.36
1961.5	318 29	13.27	10.85	40	34.4	44.7	42.2	293.41	292.96
1960.5	317.84	11.06	9.15	35	30.1	43.7	41.2	293.01	292.57
1959.5	316.42	9.45	7.84	30.5	26.3	42.6	40.3	292.62	292.18
1958.5	315.4	8.14	6.53	26.8	23	41.5	39.5	292.23	291.8
1957.5	313.91	6.83	5.23	23.4	19.9	40.6	39	291.86	291.43
1956.5	313.47	5.33	4.02	20.2	17.1	40.4	38.7	291.48	291.07
1955.5	313.08	4.12	3.02	17.4	14.7	40.1	38.3	291.11	290.71
1954.5	312.73	3.02	2.21	15	12.6	39.7	37.8	290.75	290.35
1953.5	312.42	2.21	1.51	12.8	10.7	39.3	37	290.4	290.01
1952.5	312.15	1.51	1.01	11	9	38.4	35.9	290.05	289.66
1951.5	311.91	1.01	0.7	9.2	7.4	37.3	34.4	289.7	289.33
1950.5	311.7	0.7	0.4	7.6	6	35.6	32.9	289.36	288.99
1949.5	311.51	0.4	0.2	6.1	4.7	34.2	31.2	289.03	288.67
1948.5	311.36	0.2	0.1	4.8	3.4	32.5	29.2	288.71	288.35
1947.5	311.23	0.1	0.1	3.4	2.4	30.1	27.1	288.38	288.04
1946.5	311.12	0.1	0.1	2.3	1.7	28.2	25.3	288.07	287.73
1945.5	311.02	0.1	0	1.7	1.2	26.7	23.2	287.76	287.42
1944.5	310.92	0	0	1.2	0.9	24.2	20.5	287.45	287.12
1943.5	310.81	0	0	0.9	0.7	21.2	18	287.15	286.83
1942.5	310.67	0	0	0.7	0.5	18.5	15.8	286.86	286.54
1941.5	310.49	0	0	0.5	0.4	16.2	14	286.56	286.25
1940.5	310.26	0	0	0.4	0.3	14.4	12.4	286.28	285.97
1939.5	309.99	0	0	0.3	0.2	12.9	11.1	286	285.7
1938.5	309.69	0	0	0.2	0.1	11.6	9.9	285.72	285.43
1937.5	309.36	0	0	0.1	0.1	10.3	8.6	285.45	285.16
1936.5	309.02	0	0	0.1	0	8.9	7.5	285.18	284.9
1935.5	308.67	0	0	0	0	7.8	6.6	284.92	284.64
1934.5	308.31	0	0	0	0	6.8	5.8	284.66	284.39
1933.5	307.94	0	0	0	0	6	5.2	284.41	284.14
1932.5	307.57	0	0	0	0	5.4	4.6	284.16	283.9
1931.5	307.2	0	0	0	0	4.8	4.1	283.91	283.66
Year    CO2     CFC11NH CFC11SH CFC12NH CFC12SH CCl4NH  CCl4SH  N2ONH   N2OSH									
        ppm     ppt     ppt     ppt     ppt     ppt     ppt     ppb     ppb									
