year	Fer	Fer	Fer	Fer	Fer	Fer	Fer	Fer	Fer	Fer	TChl	TChl	TChl	TChl	TChl	TChl	TChl	TChl	TChl	TChl	
	0	0	0	0	0	0	0	0	0	0	0	0	0	0	0	0	0	0	0	0	
	total	Arctic	N_Atl	N_Pac	Equ_N	Equ	Equ_S	SO_Atl	SO_Pac	SO_Ind	total	Arctic	N_Atl	N_Pac	Equ_N	Equ	Equ_S	SO_Atl	SO_Pac	SO_Ind	
1755	4.2970e-01	4.4946e-01	5.7129e-01	7.4203e-01	5.9599e-01	4.6446e-01	3.3031e-01	1.4299e-01	1.8431e-01	1.5930e-01	2.2917e+02	2.9638e+02	3.3565e+02	4.5987e+02	1.6514e+02	1.5948e+02	2.6044e+02	2.5213e+02	3.0462e+02	2.4908e+02	
1754	4.0781e-01	4.3200e-01	5.4771e-01	7.2202e-01	5.6522e-01	4.4226e-01	3.0545e-01	1.3827e-01	1.7420e-01	1.5290e-01	2.2624e+02	2.6547e+02	3.4768e+02	4.6273e+02	1.6577e+02	1.4635e+02	2.6548e+02	2.5045e+02	2.9752e+02	2.4806e+02	
1753	3.7926e-01	4.1045e-01	5.1587e-01	6.9081e-01	5.2247e-01	4.1819e-01	2.7120e-01	1.3354e-01	1.6100e-01	1.4381e-01	2.2879e+02	2.6913e+02	3.4277e+02	4.7324e+02	1.7152e+02	1.5697e+02	2.6188e+02	2.4696e+02	2.8537e+02	2.4164e+02	
1752	3.4194e-01	3.7728e-01	4.8108e-01	6.3778e-01	4.6785e-01	3.8529e-01	2.2887e-01	1.2594e-01	1.4642e-01	1.3179e-01	2.2284e+02	2.9283e+02	2.9393e+02	4.8315e+02	1.6310e+02	1.5924e+02	2.5239e+02	2.3564e+02	2.6665e+02	2.2840e+02	
1756	4.4655e-01	4.6707e-01	5.8890e-01	7.5687e-01	6.2955e-01	4.7907e-01	3.4671e-01	1.4808e-01	1.9173e-01	1.6349e-01	2.3142e+02	3.0507e+02	3.2835e+02	4.6102e+02	1.8733e+02	1.5301e+02	2.6167e+02	2.5494e+02	3.0950e+02	2.4983e+02	
1757	4.5426e-01	4.8218e-01	6.0764e-01	7.6703e-01	6.5482e-01	4.7411e-01	3.5693e-01	1.5308e-01	1.9690e-01	1.6698e-01	2.2421e+02	3.2402e+02	3.4484e+02	4.6118e+02	1.7343e+02	1.3558e+02	2.5688e+02	2.5797e+02	3.1319e+02	2.5096e+02	
1758	4.5844e-01	4.9465e-01	6.2951e-01	7.7488e-01	6.6234e-01	4.7133e-01	3.6385e-01	1.5704e-01	1.9997e-01	1.7054e-01	2.2242e+02	3.2191e+02	3.3851e+02	4.5919e+02	1.6552e+02	1.3311e+02	2.5784e+02	2.6023e+02	3.1485e+02	2.5225e+02	
1759	4.6185e-01	5.0386e-01	6.5008e-01	7.8095e-01	6.6660e-01	4.7038e-01	3.6910e-01	1.6002e-01	2.0172e-01	1.7406e-01	2.2087e+02	2.9588e+02	3.3879e+02	4.5965e+02	1.6219e+02	1.3130e+02	2.5889e+02	2.6131e+02	3.1578e+02	2.5421e+02	
1760	4.6454e-01	5.1017e-01	6.6285e-01	7.8589e-01	6.6867e-01	4.7023e-01	3.7361e-01	1.6217e-01	2.0291e-01	1.7725e-01	2.2024e+02	2.9133e+02	3.2574e+02	4.5672e+02	1.5772e+02	1.3074e+02	2.6148e+02	2.6218e+02	3.1618e+02	2.5593e+02	
1761	4.6552e-01	5.1505e-01	6.6809e-01	7.8904e-01	6.6969e-01	4.7004e-01	3.7427e-01	1.6355e-01	2.0404e-01	1.7975e-01	2.1891e+02	3.0816e+02	3.1967e+02	4.5547e+02	1.5471e+02	1.3005e+02	2.5811e+02	2.6276e+02	3.1689e+02	2.5676e+02	
1762	4.6569e-01	5.1984e-01	6.7169e-01	7.9123e-01	6.6806e-01	4.6991e-01	3.7394e-01	1.6448e-01	2.0458e-01	1.8180e-01	2.1737e+02	3.0825e+02	3.1938e+02	4.5244e+02	1.4953e+02	1.2952e+02	2.5662e+02	2.6320e+02	3.1742e+02	2.5693e+02	
1763	4.6511e-01	5.2268e-01	6.7254e-01	7.9234e-01	6.6363e-01	4.6980e-01	3.7354e-01	1.6539e-01	2.0442e-01	1.8359e-01	2.1671e+02	3.2519e+02	3.1066e+02	4.5252e+02	1.4386e+02	1.2890e+02	2.5681e+02	2.6389e+02	3.1704e+02	2.5691e+02	
1764	4.6420e-01	5.2568e-01	6.6739e-01	7.9316e-01	6.5771e-01	4.6892e-01	3.7415e-01	1.6617e-01	2.0428e-01	1.8525e-01	2.1514e+02	3.4254e+02	2.8856e+02	4.5009e+02	1.3750e+02	1.2767e+02	2.5580e+02	2.6452e+02	3.1667e+02	2.5693e+02	
1765	4.6326e-01	5.2933e-01	6.5461e-01	7.9284e-01	6.5149e-01	4.6933e-01	3.7424e-01	1.6693e-01	2.0417e-01	1.8685e-01	2.1408e+02	3.3102e+02	2.8767e+02	4.4916e+02	1.3329e+02	1.2572e+02	2.5866e+02	2.6491e+02	3.1604e+02	2.5710e+02	
1766	4.6267e-01	5.3007e-01	6.3198e-01	7.9299e-01	6.4593e-01	4.6962e-01	3.7663e-01	1.6736e-01	2.0389e-01	1.8854e-01	2.1293e+02	3.2880e+02	2.7709e+02	4.4813e+02	1.2871e+02	1.2344e+02	2.6066e+02	2.6536e+02	3.1527e+02	2.5843e+02	
1767	4.6190e-01	5.2976e-01	6.0673e-01	7.9164e-01	6.4237e-01	4.6959e-01	3.7795e-01	1.6763e-01	2.0428e-01	1.8987e-01	2.1271e+02	3.4314e+02	2.6654e+02	4.4550e+02	1.2898e+02	1.1978e+02	2.6257e+02	2.6568e+02	3.1582e+02	2.6088e+02	
1768	4.6172e-01	5.2994e-01	5.9082e-01	7.9033e-01	6.4007e-01	4.6859e-01	3.8057e-01	1.6775e-01	2.0566e-01	1.9049e-01	2.1063e+02	3.3602e+02	2.6839e+02	4.4496e+02	1.2859e+02	1.1729e+02	2.5857e+02	2.6603e+02	3.1769e+02	2.6269e+02	
1769	4.6106e-01	5.2966e-01	5.8332e-01	7.8985e-01	6.3960e-01	4.6797e-01	3.7984e-01	1.6816e-01	2.0678e-01	1.9041e-01	2.1140e+02	3.4691e+02	2.6851e+02	4.4523e+02	1.2918e+02	1.1603e+02	2.6041e+02	2.6604e+02	3.1913e+02	2.6298e+02	
1770	4.6050e-01	5.3005e-01	5.7935e-01	7.8937e-01	6.3890e-01	4.6677e-01	3.8015e-01	1.6873e-01	2.0693e-01	1.9006e-01	2.1044e+02	3.4127e+02	2.6986e+02	4.4493e+02	1.2897e+02	1.1565e+02	2.5838e+02	2.6626e+02	3.1944e+02	2.6216e+02	
1771	4.5983e-01	5.2986e-01	5.7721e-01	7.8890e-01	6.3879e-01	4.6633e-01	3.7869e-01	1.6910e-01	2.0643e-01	1.8995e-01	2.1044e+02	3.5193e+02	2.7146e+02	4.4499e+02	1.2971e+02	1.1534e+02	2.5659e+02	2.6636e+02	3.1880e+02	2.6103e+02	
1772	4.5926e-01	5.3050e-01	5.7607e-01	7.8871e-01	6.3852e-01	4.6604e-01	3.7729e-01	1.6957e-01	2.0527e-01	1.9026e-01	2.1072e+02	3.4411e+02	2.7332e+02	4.4468e+02	1.2945e+02	1.1509e+02	2.5983e+02	2.6654e+02	3.1753e+02	2.6008e+02	
1773	4.5963e-01	5.3025e-01	5.7535e-01	7.8855e-01	6.3888e-01	4.6590e-01	3.7900e-01	1.6984e-01	2.0390e-01	1.9087e-01	2.1099e+02	3.5487e+02	2.7377e+02	4.4368e+02	1.3012e+02	1.1492e+02	2.5969e+02	2.6668e+02	3.1587e+02	2.6026e+02	
1774	4.5957e-01	5.3092e-01	5.7490e-01	7.8776e-01	6.3859e-01	4.6571e-01	3.7941e-01	1.6937e-01	2.0318e-01	1.9160e-01	2.1161e+02	3.6280e+02	2.7552e+02	4.4296e+02	1.2972e+02	1.1477e+02	2.6150e+02	2.6636e+02	3.1482e+02	2.6080e+02	
1775	4.5991e-01	5.3214e-01	5.7471e-01	7.8765e-01	6.3883e-01	4.6542e-01	3.8056e-01	1.6889e-01	2.0326e-01	1.9205e-01	2.1206e+02	3.5081e+02	2.7844e+02	4.4277e+02	1.3034e+02	1.1465e+02	2.6294e+02	2.6636e+02	3.1542e+02	2.6172e+02	
1776	4.6047e-01	5.3223e-01	5.7452e-01	7.8756e-01	6.3855e-01	4.6555e-01	3.8236e-01	1.6825e-01	2.0431e-01	1.9192e-01	2.1350e+02	3.5294e+02	2.7781e+02	4.4215e+02	1.2995e+02	1.1462e+02	2.6828e+02	2.6626e+02	3.1724e+02	2.6218e+02	
1777	4.6084e-01	5.3242e-01	5.7404e-01	7.8640e-01	6.3905e-01	4.6579e-01	3.8327e-01	1.6808e-01	2.0520e-01	1.9136e-01	2.1234e+02	3.6371e+02	2.7922e+02	4.3856e+02	1.3065e+02	1.1478e+02	2.6260e+02	2.6633e+02	3.1843e+02	2.6180e+02	
1778	4.6038e-01	5.3317e-01	5.7384e-01	7.8588e-01	6.3888e-01	4.6626e-01	3.8139e-01	1.6866e-01	2.0516e-01	1.9078e-01	2.1357e+02	3.6727e+02	2.8159e+02	4.3850e+02	1.3021e+02	1.1469e+02	2.6652e+02	2.6683e+02	3.1840e+02	2.6041e+02	
1779	4.6095e-01	5.3363e-01	5.7388e-01	7.8689e-01	6.3964e-01	4.6604e-01	3.8293e-01	1.6916e-01	2.0434e-01	1.9070e-01	2.1329e+02	3.6956e+02	2.8395e+02	4.3852e+02	1.3108e+02	1.1478e+02	2.6456e+02	2.6676e+02	3.1718e+02	2.5928e+02	
1780	4.6093e-01	5.3378e-01	5.7395e-01	7.8852e-01	6.3944e-01	4.6620e-01	3.8275e-01	1.6928e-01	2.0322e-01	1.9100e-01	2.1402e+02	3.7209e+02	2.8397e+02	4.3966e+02	1.3063e+02	1.1500e+02	2.6775e+02	2.6666e+02	3.1520e+02	2.5901e+02	
1781	4.6138e-01	5.3406e-01	5.7380e-01	7.9123e-01	6.4026e-01	4.6599e-01	3.8386e-01	1.6912e-01	2.0221e-01	1.9140e-01	2.1314e+02	3.7193e+02	2.8544e+02	4.4191e+02	1.3194e+02	1.1500e+02	2.6359e+02	2.6652e+02	3.1396e+02	2.5900e+02	
1787	4.6032e-01	5.3405e-01	5.7394e-01	7.8724e-01	6.4155e-01	4.6636e-01	3.8054e-01	1.6804e-01	2.0144e-01	1.9085e-01	2.1493e+02	3.7416e+02	2.9865e+02	4.3603e+02	1.3412e+02	1.1536e+02	2.6802e+02	2.6572e+02	3.1164e+02	2.5747e+02	
1783	4.6109e-01	5.3413e-01	5.7412e-01	7.9978e-01	6.4082e-01	4.6620e-01	3.8141e-01	1.6803e-01	2.0191e-01	1.9182e-01	2.1285e+02	3.7443e+02	2.9119e+02	4.4133e+02	1.3176e+02	1.1509e+02	2.6193e+02	2.6604e+02	3.1313e+02	2.5987e+02	
1788	4.6020e-01	5.3418e-01	5.7393e-01	7.8655e-01	6.4022e-01	4.6657e-01	3.8077e-01	1.6793e-01	2.0078e-01	1.9107e-01	2.1524e+02	3.7634e+02	2.9932e+02	4.3567e+02	1.3307e+02	1.1540e+02	2.7007e+02	2.6548e+02	3.1080e+02	2.5744e+02	
1782	4.6075e-01	5.3418e-01	5.7385e-01	7.9602e-01	6.4026e-01	4.6620e-01	3.8107e-01	1.6864e-01	2.0182e-01	1.9169e-01	2.1409e+02	3.7195e+02	2.8796e+02	4.4449e+02	1.3144e+02	1.1497e+02	2.6676e+02	2.6638e+02	3.1307e+02	2.5959e+02	
1789	4.6014e-01	5.3432e-01	5.7369e-01	7.8697e-01	6.3971e-01	4.6651e-01	3.8102e-01	1.6793e-01	2.0027e-01	1.9117e-01	2.1572e+02	3.7825e+02	3.0034e+02	4.3367e+02	1.3366e+02	1.1549e+02	2.7149e+02	2.6527e+02	3.0981e+02	2.5746e+02	
1786	4.5973e-01	5.3394e-01	5.7395e-01	7.8958e-01	6.4101e-01	4.6655e-01	3.7832e-01	1.6767e-01	2.0206e-01	1.9084e-01	2.1549e+02	3.7382e+02	2.9593e+02	4.3669e+02	1.3259e+02	1.1519e+02	2.7124e+02	2.6582e+02	3.1302e+02	2.5805e+02	
1784	4.6032e-01	5.3401e-01	5.7430e-01	7.9843e-01	6.4045e-01	4.6637e-01	3.7912e-01	1.6778e-01	2.0230e-01	1.9158e-01	2.1459e+02	3.7397e+02	2.9193e+02	4.4077e+02	1.3125e+02	1.1516e+02	2.6830e+02	2.6609e+02	3.1407e+02	2.5969e+02	
1785	4.6019e-01	5.3383e-01	5.7418e-01	7.9357e-01	6.4102e-01	4.6616e-01	3.7947e-01	1.6759e-01	2.0244e-01	1.9116e-01	2.1323e+02	3.7478e+02	2.9313e+02	4.3877e+02	1.3230e+02	1.1533e+02	2.6325e+02	2.6591e+02	3.1368e+02	2.5875e+02	
1790	4.6002e-01	5.3438e-01	5.7339e-01	7.8727e-01	6.3979e-01	4.6625e-01	3.8107e-01	1.6769e-01	1.9996e-01	1.9123e-01	2.1564e+02	3.7979e+02	3.0252e+02	4.3085e+02	1.3345e+02	1.1550e+02	2.7128e+02	2.6542e+02	3.0996e+02	2.5791e+02	
1794	4.6045e-01	5.3426e-01	5.7180e-01	7.8672e-01	6.3867e-01	4.6740e-01	3.8218e-01	1.6714e-01	1.9983e-01	1.9110e-01	2.1708e+02	3.8765e+02	3.1140e+02	4.2420e+02	1.3334e+02	1.1600e+02	2.7530e+02	2.6508e+02	3.1031e+02	2.5602e+02	
1792	4.5978e-01	5.3442e-01	5.7297e-01	7.8782e-01	6.3920e-01	4.6671e-01	3.8007e-01	1.6713e-01	2.0007e-01	1.9136e-01	2.1607e+02	3.8564e+02	3.0850e+02	4.2711e+02	1.3342e+02	1.1584e+02	2.7131e+02	2.6485e+02	3.1125e+02	2.5778e+02	
1793	4.5984e-01	5.3437e-01	5.7252e-01	7.8761e-01	6.3922e-01	4.6674e-01	3.8019e-01	1.6734e-01	2.0011e-01	1.9122e-01	2.1773e+02	3.8669e+02	3.1017e+02	4.2626e+02	1.3409e+02	1.1594e+02	2.7651e+02	2.6525e+02	3.1083e+02	2.5674e+02	
1791	4.5966e-01	5.3446e-01	5.7320e-01	7.8760e-01	6.3965e-01	4.6644e-01	3.7969e-01	1.6727e-01	1.9997e-01	1.9131e-01	2.1602e+02	3.8137e+02	3.0555e+02	4.2950e+02	1.3393e+02	1.1557e+02	2.7156e+02	2.6514e+02	3.1042e+02	2.5803e+02	
1795	4.6023e-01	5.3411e-01	5.7067e-01	7.8502e-01	6.3920e-01	4.6694e-01	3.8212e-01	1.6737e-01	1.9944e-01	1.9104e-01	2.1747e+02	3.8990e+02	3.1380e+02	4.2265e+02	1.3388e+02	1.1603e+02	2.7589e+02	2.6510e+02	3.0939e+02	2.5570e+02	
1799	4.5929e-01	5.3401e-01	5.6619e-01	7.8381e-01	6.3915e-01	4.6615e-01	3.8060e-01	1.6690e-01	1.9856e-01	1.9080e-01	2.1842e+02	3.9849e+02	3.2566e+02	4.2126e+02	1.3422e+02	1.1612e+02	2.7755e+02	2.6495e+02	3.0858e+02	2.5442e+02	
1796	4.5986e-01	5.3414e-01	5.7005e-01	7.8351e-01	6.3846e-01	4.6697e-01	3.8152e-01	1.6732e-01	1.9906e-01	1.9113e-01	2.1819e+02	3.9160e+02	3.1845e+02	4.2197e+02	1.3311e+02	1.1612e+02	2.7826e+02	2.6515e+02	3.0925e+02	2.5585e+02	
1801	4.5812e-01	5.3402e-01	5.6331e-01	7.8340e-01	6.3894e-01	4.6608e-01	3.7724e-01	1.6663e-01	1.9829e-01	1.9072e-01	2.1797e+02	4.0133e+02	3.2976e+02	4.2187e+02	1.3462e+02	1.1649e+02	2.7478e+02	2.6434e+02	3.0829e+02	2.5390e+02	
1800	4.5910e-01	5.3402e-01	5.6519e-01	7.8302e-01	6.3869e-01	4.6620e-01	3.8035e-01	1.6674e-01	1.9844e-01	1.9079e-01	2.1687e+02	3.9993e+02	3.2822e+02	4.2132e+02	1.3395e+02	1.1632e+02	2.7215e+02	2.6465e+02	3.0847e+02	2.5435e+02	
1798	4.5936e-01	5.3401e-01	5.6746e-01	7.8392e-01	6.3886e-01	4.6635e-01	3.8063e-01	1.6691e-01	1.9869e-01	1.9097e-01	2.1723e+02	3.9585e+02	3.2186e+02	4.2284e+02	1.3366e+02	1.1620e+02	2.7454e+02	2.6465e+02	3.0873e+02	2.5487e+02	
1797	4.6002e-01	5.3411e-01	5.6920e-01	7.8300e-01	6.3867e-01	4.6666e-01	3.8244e-01	1.6713e-01	1.9885e-01	1.9109e-01	2.1716e+02	3.9317e+02	3.1917e+02	4.2189e+02	1.3402e+02	1.1623e+02	2.7416e+02	2.6489e+02	3.0891e+02	2.5538e+02	
1810	4.5847e-01	5.3283e-01	5.4153e-01	7.8075e-01	6.3858e-01	4.6648e-01	3.8095e-01	1.6594e-01	1.9601e-01	1.8963e-01	2.1981e+02	4.1604e+02	3.4233e+02	4.2003e+02	1.3390e+02	1.1724e+02	2.8023e+02	2.6300e+02	3.0460e+02	2.4978e+02	
1812	4.5882e-01	5.3283e-01	5.4079e-01	7.7997e-01	6.3969e-01	4.6750e-01	3.8094e-01	1.6557e-01	1.9538e-01	1.8927e-01	2.1912e+02	4.1874e+02	3.4714e+02	4.1941e+02	1.3423e+02	1.1750e+02	2.7705e+02	2.6267e+02	3.0362e+02	2.4869e+02	
1813	4.5866e-01	5.3322e-01	5.4086e-01	7.7971e-01	6.4009e-01	4.6669e-01	3.8103e-01	1.6520e-01	1.9534e-01	1.8910e-01	2.1910e+02	4.2346e+02	3.5027e+02	4.1874e+02	1.3493e+02	1.1735e+02	2.7575e+02	2.6222e+02	3.0372e+02	2.4896e+02	
1811	4.5909e-01	5.3324e-01	5.4107e-01	7.8042e-01	6.3906e-01	4.6694e-01	3.8258e-01	1.6552e-01	1.9557e-01	1.8947e-01	2.1930e+02	4.1712e+02	3.4435e+02	4.1961e+02	1.3496e+02	1.1755e+02	2.7741e+02	2.6269e+02	3.0417e+02	2.4910e+02	
1814	4.5830e-01	5.3274e-01	5.4099e-01	7.7930e-01	6.3951e-01	4.6688e-01	3.8001e-01	1.6518e-01	1.9541e-01	1.8876e-01	2.2027e+02	4.2313e+02	3.5263e+02	4.1912e+02	1.3440e+02	1.1757e+02	2.7996e+02	2.6184e+02	3.0409e+02	2.4896e+02	
1819	4.5857e-01	5.3230e-01	5.4134e-01	7.7839e-01	6.3980e-01	4.6815e-01	3.8035e-01	1.6452e-01	1.9391e-01	1.8800e-01	2.1988e+02	4.2972e+02	3.6388e+02	4.1789e+02	1.3483e+02	1.1814e+02	2.7727e+02	2.6133e+02	3.0197e+02	2.4663e+02	
1815	4.5890e-01	5.3289e-01	5.4107e-01	7.7899e-01	6.3981e-01	4.6717e-01	3.8167e-01	1.6510e-01	1.9536e-01	1.8840e-01	2.1998e+02	4.2383e+02	3.5462e+02	4.1870e+02	1.3520e+02	1.1759e+02	2.7836e+02	2.6165e+02	3.0408e+02	2.4838e+02	
1820	4.5834e-01	5.3166e-01	5.4115e-01	7.7812e-01	6.3978e-01	4.6789e-01	3.8018e-01	1.6417e-01	1.9393e-01	1.8769e-01	2.1923e+02	4.2941e+02	3.6567e+02	4.1806e+02	1.3392e+02	1.1815e+02	2.7562e+02	2.6101e+02	3.0187e+02	2.4615e+02	
1843	4.5755e-01	5.3254e-01	5.4128e-01	7.7109e-01	6.3814e-01	4.6936e-01	3.7992e-01	1.6138e-01	1.9011e-01	1.8361e-01	2.2038e+02	4.4358e+02	3.9828e+02	4.1158e+02	1.3358e+02	1.1992e+02	2.7739e+02	2.5814e+02	2.9468e+02	2.3813e+02	
1842	4.5715e-01	5.3199e-01	5.4125e-01	7.7160e-01	6.3791e-01	4.6928e-01	3.7899e-01	1.6156e-01	1.9011e-01	1.8371e-01	2.2122e+02	4.4258e+02	3.9717e+02	4.1284e+02	1.3363e+02	1.1966e+02	2.8066e+02	2.5806e+02	2.9486e+02	2.3849e+02	
1816	4.5847e-01	5.3225e-01	5.4106e-01	7.7885e-01	6.3927e-01	4.6689e-01	3.8117e-01	1.6501e-01	1.9509e-01	1.8816e-01	2.2022e+02	4.2498e+02	3.5718e+02	4.1863e+02	1.3408e+02	1.1778e+02	2.7948e+02	2.6165e+02	3.0371e+02	2.4769e+02	
1817	4.5873e-01	5.3257e-01	5.4102e-01	7.7854e-01	6.3966e-01	4.6703e-01	3.8176e-01	1.6472e-01	1.9463e-01	1.8811e-01	2.2069e+02	4.2712e+02	3.5895e+02	4.1811e+02	1.3497e+02	1.1775e+02	2.8014e+02	2.6179e+02	3.0307e+02	2.4731e+02	
1831	4.5755e-01	5.3178e-01	5.4098e-01	7.7524e-01	6.3787e-01	4.6740e-01	3.8054e-01	1.6294e-01	1.9263e-01	1.8519e-01	2.2003e+02	4.3870e+02	3.8420e+02	4.1570e+02	1.3400e+02	1.1881e+02	2.7702e+02	2.5959e+02	2.9854e+02	2.4307e+02	
1818	4.5893e-01	5.3198e-01	5.4106e-01	7.7853e-01	6.3899e-01	4.6755e-01	3.8244e-01	1.6471e-01	1.9418e-01	1.8808e-01	2.2021e+02	4.2666e+02	3.6293e+02	4.1852e+02	1.3367e+02	1.1804e+02	2.7942e+02	2.6140e+02	3.0204e+02	2.4693e+02	
1835	4.5777e-01	5.3210e-01	5.4098e-01	7.7443e-01	6.3792e-01	4.6842e-01	3.8078e-01	1.6236e-01	1.9120e-01	1.8490e-01	2.1915e+02	4.3975e+02	3.8949e+02	4.1509e+02	1.3422e+02	1.1908e+02	2.7432e+02	2.5880e+02	2.9592e+02	2.4070e+02	
1834	4.5747e-01	5.3161e-01	5.4103e-01	7.7465e-01	6.3765e-01	4.6864e-01	3.7967e-01	1.6243e-01	1.9147e-01	1.8496e-01	2.2061e+02	4.3955e+02	3.8823e+02	4.1543e+02	1.3332e+02	1.1900e+02	2.7908e+02	2.5903e+02	2.9644e+02	2.4106e+02	
1836	4.5702e-01	5.3167e-01	5.4098e-01	7.7403e-01	6.3776e-01	4.6847e-01	3.7862e-01	1.6204e-01	1.9115e-01	1.8460e-01	2.2071e+02	4.4128e+02	3.9063e+02	4.1479e+02	1.3333e+02	1.1919e+02	2.7962e+02	2.5884e+02	2.9610e+02	2.4069e+02	
1832	4.5696e-01	5.3141e-01	5.4091e-01	7.7515e-01	6.3735e-01	4.6810e-01	3.7839e-01	1.6287e-01	1.9227e-01	1.8502e-01	2.2077e+02	4.3811e+02	3.8550e+02	4.1603e+02	1.3314e+02	1.1889e+02	2.7995e+02	2.5945e+02	2.9815e+02	2.4271e+02	
1830	4.5714e-01	5.3124e-01	5.4104e-01	7.7515e-01	6.3762e-01	4.6745e-01	3.7929e-01	1.6279e-01	1.9280e-01	1.8540e-01	2.2008e+02	4.3813e+02	3.8335e+02	4.1623e+02	1.3338e+02	1.1869e+02	2.7730e+02	2.5943e+02	2.9865e+02	2.4309e+02	
1828	4.5786e-01	5.3133e-01	5.4102e-01	7.7584e-01	6.3803e-01	4.6785e-01	3.8081e-01	1.6302e-01	1.9261e-01	1.8610e-01	2.2141e+02	4.3553e+02	3.7976e+02	4.1580e+02	1.3335e+02	1.1892e+02	2.8237e+02	2.5996e+02	2.9787e+02	2.4347e+02	
1821	4.5811e-01	5.3210e-01	5.4106e-01	7.7811e-01	6.4031e-01	4.6765e-01	3.7933e-01	1.6392e-01	1.9396e-01	1.8734e-01	2.1870e+02	4.3144e+02	3.6741e+02	4.1781e+02	1.3488e+02	1.1831e+02	2.7274e+02	2.6077e+02	3.0161e+02	2.4575e+02	
1839	4.5737e-01	5.3205e-01	5.4118e-01	7.7279e-01	6.3798e-01	4.6825e-01	3.8001e-01	1.6208e-01	1.9115e-01	1.8377e-01	2.2002e+02	4.4280e+02	3.9371e+02	4.1354e+02	1.3367e+02	1.1917e+02	2.7675e+02	2.5898e+02	2.9678e+02	2.3997e+02	
1838	4.5690e-01	5.3174e-01	5.4109e-01	7.7334e-01	6.3767e-01	4.6822e-01	3.7862e-01	1.6197e-01	1.9137e-01	1.8387e-01	2.2080e+02	4.4132e+02	3.9284e+02	4.1500e+02	1.3321e+02	1.1893e+02	2.7964e+02	2.5887e+02	2.9672e+02	2.4031e+02	
1826	4.5804e-01	5.3134e-01	5.4087e-01	7.7696e-01	6.3858e-01	4.6807e-01	3.8034e-01	1.6352e-01	1.9286e-01	1.8644e-01	2.2082e+02	4.3401e+02	3.7683e+02	4.1724e+02	1.3335e+02	1.1866e+02	2.8065e+02	2.6018e+02	2.9840e+02	2.4398e+02	
1824	4.5801e-01	5.3142e-01	5.4089e-01	7.7764e-01	6.3984e-01	4.6797e-01	3.7931e-01	1.6374e-01	1.9358e-01	1.8654e-01	2.2053e+02	4.3350e+02	3.7334e+02	4.1806e+02	1.3384e+02	1.1831e+02	2.7926e+02	2.6030e+02	3.0021e+02	2.4531e+02	
1823	4.5811e-01	5.3191e-01	5.4090e-01	7.7784e-01	6.4032e-01	4.6767e-01	3.7952e-01	1.6376e-01	1.9383e-01	1.8676e-01	2.1979e+02	4.3246e+02	3.7092e+02	4.1735e+02	1.3476e+02	1.1821e+02	2.7649e+02	2.6062e+02	3.0144e+02	2.4582e+02	
1837	4.5735e-01	5.3212e-01	5.4102e-01	7.7339e-01	6.3793e-01	4.6819e-01	3.7998e-01	1.6199e-01	1.9129e-01	1.8417e-01	2.2019e+02	4.4213e+02	3.9177e+02	4.1399e+02	1.3398e+02	1.1922e+02	2.7715e+02	2.5912e+02	2.9617e+02	2.4070e+02	
1841	4.5757e-01	5.3230e-01	5.4120e-01	7.7182e-01	6.3700e-01	4.6895e-01	3.8101e-01	1.6206e-01	1.9033e-01	1.8369e-01	2.2065e+02	4.4399e+02	3.9582e+02	4.1276e+02	1.3313e+02	1.1957e+02	2.7900e+02	2.5855e+02	2.9541e+02	2.3915e+02	
1807	4.5855e-01	5.3345e-01	5.4422e-01	7.8235e-01	6.3922e-01	4.6621e-01	3.8042e-01	1.6588e-01	1.9688e-01	1.8992e-01	2.1848e+02	4.1148e+02	3.3445e+02	4.2156e+02	1.3455e+02	1.1691e+02	2.7586e+02	2.6337e+02	3.0582e+02	2.5131e+02	
1804	4.5903e-01	5.3376e-01	5.5560e-01	7.8294e-01	6.3957e-01	4.6627e-01	3.8073e-01	1.6637e-01	1.9726e-01	1.9044e-01	2.1812e+02	4.0584e+02	3.3173e+02	4.2158e+02	1.3486e+02	1.1687e+02	2.7522e+02	2.6385e+02	3.0646e+02	2.5188e+02	
1802	4.5838e-01	5.3399e-01	5.6172e-01	7.8315e-01	6.3859e-01	4.6622e-01	3.7834e-01	1.6673e-01	1.9799e-01	1.9065e-01	2.1707e+02	4.0268e+02	3.3114e+02	4.2073e+02	1.3393e+02	1.1662e+02	2.7285e+02	2.6404e+02	3.0742e+02	2.5304e+02	
1840	4.5655e-01	5.3176e-01	5.4121e-01	7.7270e-01	6.3718e-01	4.6824e-01	3.7804e-01	1.6210e-01	1.9076e-01	1.8371e-01	2.2096e+02	4.4136e+02	3.9433e+02	4.1400e+02	1.3259e+02	1.1914e+02	2.8089e+02	2.5874e+02	2.9630e+02	2.3963e+02	
1806	4.5870e-01	5.3352e-01	5.4668e-01	7.8144e-01	6.3874e-01	4.6614e-01	3.8112e-01	1.6603e-01	1.9697e-01	1.9019e-01	2.1802e+02	4.0970e+02	3.3254e+02	4.2058e+02	1.3388e+02	1.1680e+02	2.7545e+02	2.6343e+02	3.0589e+02	2.5160e+02	
1809	4.5846e-01	5.3327e-01	5.4207e-01	7.8095e-01	6.3895e-01	4.6637e-01	3.8063e-01	1.6580e-01	1.9644e-01	1.8971e-01	2.1904e+02	4.1326e+02	3.4027e+02	4.1981e+02	1.3500e+02	1.1719e+02	2.7664e+02	2.6333e+02	3.0574e+02	2.5060e+02	
1805	4.5853e-01	5.3368e-01	5.5099e-01	7.8211e-01	6.3982e-01	4.6616e-01	3.7936e-01	1.6638e-01	1.9705e-01	1.9038e-01	2.1918e+02	4.0727e+02	3.3065e+02	4.1954e+02	1.3518e+02	1.1690e+02	2.7834e+02	2.6385e+02	3.0608e+02	2.5198e+02	
1803	4.5832e-01	5.3397e-01	5.5935e-01	7.8265e-01	6.3888e-01	4.6626e-01	3.7842e-01	1.6649e-01	1.9758e-01	1.9049e-01	2.1868e+02	4.0491e+02	3.3233e+02	4.2111e+02	1.3478e+02	1.1675e+02	2.7727e+02	2.6388e+02	3.0676e+02	2.5228e+02	
1808	4.5824e-01	5.3325e-01	5.4268e-01	7.8197e-01	6.3838e-01	4.6608e-01	3.8031e-01	1.6575e-01	1.9674e-01	1.8979e-01	2.1918e+02	4.1289e+02	3.3721e+02	4.1913e+02	1.3357e+02	1.1709e+02	2.7861e+02	2.6365e+02	3.0603e+02	2.5098e+02	
1829	4.5839e-01	5.3179e-01	5.4102e-01	7.7524e-01	6.3808e-01	4.6764e-01	3.8273e-01	1.6306e-01	1.9277e-01	1.8569e-01	2.2009e+02	4.3794e+02	3.8196e+02	4.1563e+02	1.3398e+02	1.1866e+02	2.7738e+02	2.5974e+02	2.9804e+02	2.4315e+02	
1833	4.5792e-01	5.3196e-01	5.4097e-01	7.7484e-01	6.3806e-01	4.6840e-01	3.8105e-01	1.6276e-01	1.9185e-01	1.8495e-01	2.2011e+02	4.3968e+02	3.8712e+02	4.1517e+02	1.3435e+02	1.1910e+02	2.7689e+02	2.5931e+02	2.9705e+02	2.4208e+02	
1827	4.5871e-01	5.3189e-01	5.4109e-01	7.7676e-01	6.3859e-01	4.6810e-01	3.8268e-01	1.6335e-01	1.9262e-01	1.8638e-01	2.2009e+02	4.3455e+02	3.7849e+02	4.1664e+02	1.3392e+02	1.1878e+02	2.7800e+02	2.6006e+02	2.9789e+02	2.4367e+02	
1822	4.5755e-01	5.3152e-01	5.4098e-01	7.7795e-01	6.3957e-01	4.6751e-01	3.7813e-01	1.6364e-01	1.9393e-01	1.8705e-01	2.2033e+02	4.3154e+02	3.6944e+02	4.1831e+02	1.3373e+02	1.1831e+02	2.7891e+02	2.6043e+02	3.0204e+02	2.4592e+02	
1825	4.5873e-01	5.3187e-01	5.4095e-01	7.7740e-01	6.3951e-01	4.6766e-01	3.8226e-01	1.6375e-01	1.9323e-01	1.8646e-01	2.2038e+02	4.3389e+02	3.7394e+02	4.1745e+02	1.3426e+02	1.1862e+02	2.7847e+02	2.6039e+02	2.9905e+02	2.4453e+02	
1844	4.5670e-01	5.3209e-01	5.4129e-01	7.7078e-01	6.3787e-01	4.6870e-01	3.7816e-01	1.6105e-01	1.9022e-01	1.8323e-01	2.2067e+02	4.4430e+02	3.9878e+02	4.1181e+02	1.3294e+02	1.1963e+02	2.7924e+02	2.5815e+02	2.9515e+02	2.3807e+02	
1845	4.5748e-01	5.3247e-01	5.4125e-01	7.7031e-01	6.3766e-01	4.6874e-01	3.8077e-01	1.6135e-01	1.9029e-01	1.8282e-01	2.2104e+02	4.4557e+02	3.9966e+02	4.1104e+02	1.3317e+02	1.1959e+02	2.8020e+02	2.5826e+02	2.9539e+02	2.3789e+02	
1846	4.5754e-01	5.3217e-01	5.4134e-01	7.7022e-01	6.3687e-01	4.6833e-01	3.8197e-01	1.6138e-01	1.9016e-01	1.8260e-01	2.2159e+02	4.4449e+02	4.0119e+02	4.1160e+02	1.3247e+02	1.1951e+02	2.8232e+02	2.5796e+02	2.9556e+02	2.3738e+02	
1847	4.5797e-01	5.3275e-01	5.4151e-01	7.7026e-01	6.3664e-01	4.6879e-01	3.8289e-01	1.6133e-01	1.8988e-01	1.8257e-01	2.2169e+02	4.4639e+02	4.0171e+02	4.1130e+02	1.3270e+02	1.1990e+02	2.8187e+02	2.5800e+02	2.9510e+02	2.3667e+02	
1848	4.5734e-01	5.3236e-01	5.4148e-01	7.7031e-01	6.3590e-01	4.6876e-01	3.8147e-01	1.6110e-01	1.8949e-01	1.8256e-01	2.2142e+02	4.4391e+02	4.0224e+02	4.1070e+02	1.3190e+02	1.1980e+02	2.8254e+02	2.5765e+02	2.9453e+02	2.3646e+02	
1849	4.5848e-01	5.3294e-01	5.4135e-01	7.7039e-01	6.3589e-01	4.6947e-01	3.8453e-01	1.6115e-01	1.8923e-01	1.8252e-01	2.2105e+02	4.4690e+02	4.0324e+02	4.1121e+02	1.3241e+02	1.2009e+02	2.8038e+02	2.5737e+02	2.9402e+02	2.3645e+02	
1850	4.5770e-01	5.3234e-01	5.4134e-01	7.7059e-01	6.3521e-01	4.6932e-01	3.8273e-01	1.6101e-01	1.8925e-01	1.8241e-01	2.2132e+02	4.4538e+02	4.0467e+02	4.1013e+02	1.3149e+02	1.2019e+02	2.8174e+02	2.5739e+02	2.9406e+02	2.3621e+02	
1851	4.5798e-01	5.3272e-01	5.4144e-01	7.7079e-01	6.3570e-01	4.6917e-01	3.8334e-01	1.6066e-01	1.8948e-01	1.8218e-01	2.2252e+02	4.4706e+02	4.0601e+02	4.1144e+02	1.3286e+02	1.1990e+02	2.8443e+02	2.5770e+02	2.9419e+02	2.3567e+02	
1852	4.5827e-01	5.3232e-01	5.4154e-01	7.7076e-01	6.3445e-01	4.6885e-01	3.8532e-01	1.6055e-01	1.8961e-01	1.8191e-01	2.2149e+02	4.4700e+02	4.0631e+02	4.1023e+02	1.3090e+02	1.1993e+02	2.8246e+02	2.5745e+02	2.9491e+02	2.3542e+02	
1853	4.5759e-01	5.3284e-01	5.4152e-01	7.7072e-01	6.3373e-01	4.6858e-01	3.8379e-01	1.6062e-01	1.8951e-01	1.8167e-01	2.2134e+02	4.4840e+02	4.0673e+02	4.1144e+02	1.3130e+02	1.2015e+02	2.8134e+02	2.5721e+02	2.9498e+02	2.3524e+02	
1854	4.5724e-01	5.3248e-01	5.4189e-01	7.7033e-01	6.3386e-01	4.6850e-01	3.8285e-01	1.6062e-01	1.8917e-01	1.8158e-01	2.2205e+02	4.4762e+02	4.0832e+02	4.0893e+02	1.3103e+02	1.1997e+02	2.8423e+02	2.5714e+02	2.9463e+02	2.3486e+02	
1855	4.5748e-01	5.3311e-01	5.4187e-01	7.6990e-01	6.3379e-01	4.6859e-01	3.8350e-01	1.6072e-01	1.8884e-01	1.8161e-01	2.2157e+02	4.4593e+02	4.0841e+02	4.1000e+02	1.3150e+02	1.2014e+02	2.8236e+02	2.5714e+02	2.9379e+02	2.3423e+02	
1856	4.5712e-01	5.3235e-01	5.4177e-01	7.7030e-01	6.3362e-01	4.6941e-01	3.8162e-01	1.6052e-01	1.8861e-01	1.8161e-01	2.2124e+02	4.4542e+02	4.0993e+02	4.0959e+02	1.3115e+02	1.2039e+02	2.8125e+02	2.5710e+02	2.9336e+02	2.3393e+02	
1858	4.5674e-01	5.3216e-01	5.4175e-01	7.7111e-01	6.3388e-01	4.6974e-01	3.8006e-01	1.6013e-01	1.8865e-01	1.8114e-01	2.2148e+02	4.4634e+02	4.1166e+02	4.1154e+02	1.3137e+02	1.2048e+02	2.8186e+02	2.5654e+02	2.9367e+02	2.3358e+02	
1857	4.5723e-01	5.3258e-01	5.4161e-01	7.7037e-01	6.3386e-01	4.6928e-01	3.8212e-01	1.6053e-01	1.8857e-01	1.8144e-01	2.1975e+02	4.4697e+02	4.0968e+02	4.1055e+02	1.3148e+02	1.2041e+02	2.7643e+02	2.5682e+02	2.9323e+02	2.3386e+02	
1859	4.5765e-01	5.3267e-01	5.4181e-01	7.7151e-01	6.3438e-01	4.6951e-01	3.8296e-01	1.6002e-01	1.8869e-01	1.8080e-01	2.2051e+02	4.4687e+02	4.1133e+02	4.1107e+02	1.3177e+02	1.2040e+02	2.7837e+02	2.5665e+02	2.9369e+02	2.3303e+02	
1860	4.5720e-01	5.3230e-01	5.4222e-01	7.7139e-01	6.3437e-01	4.6926e-01	3.8176e-01	1.5980e-01	1.8858e-01	1.8066e-01	2.2155e+02	4.4689e+02	4.1398e+02	4.1059e+02	1.3150e+02	1.2047e+02	2.8173e+02	2.5650e+02	2.9349e+02	2.3260e+02	
1861	4.5793e-01	5.3294e-01	5.4217e-01	7.7137e-01	6.3457e-01	4.6852e-01	3.8471e-01	1.6009e-01	1.8831e-01	1.8059e-01	2.2157e+02	4.4765e+02	4.1274e+02	4.1131e+02	1.3183e+02	1.2021e+02	2.8188e+02	2.5623e+02	2.9305e+02	2.3268e+02	
1862	4.5814e-01	5.3254e-01	5.4259e-01	7.7163e-01	6.3431e-01	4.6896e-01	3.8511e-01	1.6024e-01	1.8804e-01	1.8056e-01	2.2248e+02	4.4866e+02	4.1538e+02	4.1101e+02	1.3155e+02	1.2038e+02	2.8504e+02	2.5634e+02	2.9270e+02	2.3257e+02	
1863	4.5804e-01	5.3296e-01	5.4209e-01	7.7113e-01	6.3453e-01	4.6882e-01	3.8514e-01	1.5981e-01	1.8789e-01	1.8055e-01	2.2176e+02	4.4608e+02	4.1449e+02	4.1039e+02	1.3178e+02	1.2026e+02	2.8302e+02	2.5607e+02	2.9253e+02	2.3207e+02	
1864	4.5811e-01	5.3241e-01	5.4241e-01	7.7111e-01	6.3396e-01	4.6905e-01	3.8544e-01	1.5980e-01	1.8786e-01	1.8048e-01	2.2190e+02	4.4973e+02	4.1737e+02	4.1098e+02	1.3139e+02	1.2065e+02	2.8273e+02	2.5601e+02	2.9232e+02	2.3116e+02	
1865	4.5811e-01	5.3290e-01	5.4218e-01	7.7087e-01	6.3403e-01	4.6922e-01	3.8531e-01	1.5972e-01	1.8788e-01	1.8020e-01	2.2151e+02	4.4890e+02	4.1619e+02	4.1090e+02	1.3177e+02	1.2062e+02	2.8116e+02	2.5581e+02	2.9261e+02	2.3081e+02	
1866	4.5821e-01	5.3245e-01	5.4254e-01	7.7114e-01	6.3358e-01	4.6935e-01	3.8573e-01	1.5981e-01	1.8798e-01	1.7976e-01	2.2124e+02	4.5014e+02	4.1854e+02	4.1221e+02	1.3132e+02	1.2067e+02	2.8057e+02	2.5598e+02	2.9280e+02	2.3068e+02	
1867	4.5747e-01	5.3302e-01	5.4209e-01	7.7097e-01	6.3434e-01	4.6967e-01	3.8261e-01	1.5948e-01	1.8791e-01	1.7946e-01	2.2086e+02	4.5051e+02	4.1712e+02	4.1168e+02	1.3223e+02	1.2062e+02	2.7887e+02	2.5573e+02	2.9274e+02	2.3034e+02	
1868	4.5764e-01	5.3252e-01	5.4227e-01	7.7127e-01	6.3398e-01	4.7016e-01	3.8295e-01	1.5950e-01	1.8767e-01	1.7949e-01	2.2127e+02	4.5200e+02	4.2061e+02	4.1302e+02	1.3139e+02	1.2079e+02	2.8006e+02	2.5557e+02	2.9237e+02	2.2983e+02	
1869	4.5821e-01	5.3299e-01	5.4210e-01	7.7132e-01	6.3464e-01	4.7028e-01	3.8432e-01	1.5957e-01	1.8738e-01	1.7961e-01	2.2320e+02	4.5157e+02	4.1913e+02	4.1250e+02	1.3219e+02	1.2072e+02	2.8611e+02	2.5569e+02	2.9207e+02	2.2951e+02	
1870	4.5906e-01	5.3279e-01	5.4246e-01	7.7117e-01	6.3563e-01	4.7056e-01	3.8633e-01	1.5973e-01	1.8718e-01	1.7961e-01	2.2286e+02	4.5298e+02	4.2195e+02	4.1329e+02	1.3215e+02	1.2100e+02	2.8481e+02	2.5595e+02	2.9151e+02	2.2948e+02	
1871	4.5881e-01	5.3331e-01	5.4224e-01	7.7086e-01	6.3636e-01	4.7069e-01	3.8506e-01	1.5966e-01	1.8709e-01	1.7949e-01	2.2275e+02	4.5307e+02	4.1994e+02	4.1184e+02	1.3269e+02	1.2100e+02	2.8445e+02	2.5613e+02	2.9149e+02	2.2919e+02	
1872	4.5873e-01	5.3280e-01	5.4242e-01	7.7067e-01	6.3600e-01	4.7041e-01	3.8558e-01	1.5920e-01	1.8717e-01	1.7930e-01	2.2194e+02	4.5468e+02	4.2378e+02	4.1281e+02	1.3225e+02	1.2118e+02	2.8135e+02	2.5589e+02	2.9171e+02	2.2815e+02	
1873	4.5806e-01	5.3325e-01	5.4227e-01	7.7055e-01	6.3573e-01	4.7034e-01	3.8348e-01	1.5922e-01	1.8730e-01	1.7904e-01	2.2227e+02	4.5403e+02	4.2206e+02	4.1165e+02	1.3255e+02	1.2125e+02	2.8227e+02	2.5555e+02	2.9206e+02	2.2715e+02	
1874	4.5847e-01	5.3290e-01	5.4247e-01	7.7032e-01	6.3521e-01	4.7013e-01	3.8532e-01	1.5931e-01	1.8727e-01	1.7860e-01	2.2232e+02	4.5548e+02	4.2509e+02	4.1219e+02	1.3221e+02	1.2123e+02	2.8247e+02	2.5524e+02	2.9203e+02	2.2744e+02	
1875	4.5847e-01	5.3347e-01	5.4219e-01	7.6993e-01	6.3558e-01	4.7040e-01	3.8490e-01	1.5918e-01	1.8715e-01	1.7830e-01	2.2254e+02	4.5553e+02	4.2349e+02	4.1067e+02	1.3246e+02	1.2119e+02	2.8359e+02	2.5501e+02	2.9198e+02	2.2767e+02	
1876	4.5861e-01	5.3313e-01	5.4243e-01	7.6957e-01	6.3535e-01	4.7004e-01	3.8607e-01	1.5922e-01	1.8686e-01	1.7836e-01	2.2255e+02	4.5597e+02	4.2676e+02	4.1137e+02	1.3188e+02	1.2109e+02	2.8360e+02	2.5509e+02	2.9181e+02	2.2763e+02	
1877	4.5864e-01	5.3368e-01	5.4224e-01	7.6930e-01	6.3594e-01	4.7025e-01	3.8558e-01	1.5917e-01	1.8657e-01	1.7869e-01	2.2300e+02	4.5470e+02	4.2558e+02	4.1048e+02	1.3253e+02	1.2125e+02	2.8488e+02	2.5508e+02	2.9113e+02	2.2713e+02	
1878	4.5853e-01	5.3345e-01	5.4258e-01	7.6910e-01	6.3538e-01	4.7020e-01	3.8561e-01	1.5925e-01	1.8636e-01	1.7887e-01	2.2299e+02	4.5731e+02	4.2862e+02	4.1100e+02	1.3188e+02	1.2142e+02	2.8464e+02	2.5474e+02	2.9062e+02	2.2667e+02	
1879	4.5843e-01	5.3419e-01	5.4235e-01	7.6924e-01	6.3558e-01	4.7035e-01	3.8500e-01	1.5913e-01	1.8634e-01	1.7868e-01	2.2182e+02	4.5627e+02	4.2677e+02	4.1037e+02	1.3242e+02	1.2158e+02	2.8107e+02	2.5492e+02	2.9050e+02	2.2611e+02	
1880	4.5745e-01	5.3387e-01	5.4259e-01	7.6914e-01	6.3510e-01	4.7047e-01	3.8213e-01	1.5870e-01	1.8642e-01	1.7825e-01	2.2157e+02	4.5890e+02	4.3000e+02	4.1066e+02	1.3175e+02	1.2146e+02	2.8028e+02	2.5504e+02	2.9082e+02	2.2542e+02	
1881	4.5781e-01	5.3450e-01	5.4240e-01	7.6913e-01	6.3510e-01	4.7038e-01	3.8332e-01	1.5893e-01	1.8647e-01	1.7786e-01	2.2163e+02	4.5701e+02	4.2870e+02	4.1042e+02	1.3202e+02	1.2137e+02	2.8033e+02	2.5534e+02	2.9121e+02	2.2479e+02	
1882	4.5789e-01	5.3417e-01	5.4277e-01	7.6909e-01	6.3499e-01	4.7063e-01	3.8331e-01	1.5901e-01	1.8636e-01	1.7770e-01	2.2229e+02	4.5922e+02	4.3218e+02	4.1042e+02	1.3163e+02	1.2144e+02	2.8215e+02	2.5502e+02	2.9132e+02	2.2464e+02	
1883	4.5789e-01	5.3487e-01	5.4263e-01	7.6889e-01	6.3536e-01	4.7022e-01	3.8352e-01	1.5878e-01	1.8615e-01	1.7767e-01	2.2158e+02	4.5878e+02	4.3055e+02	4.1018e+02	1.3216e+02	1.2123e+02	2.8022e+02	2.5437e+02	2.9063e+02	2.2491e+02	
1884	4.5785e-01	5.3471e-01	5.4303e-01	7.6880e-01	6.3481e-01	4.7006e-01	3.8394e-01	1.5887e-01	1.8572e-01	1.7778e-01	2.2206e+02	4.5926e+02	4.3388e+02	4.1004e+02	1.3166e+02	1.2131e+02	2.8211e+02	2.5428e+02	2.9004e+02	2.2477e+02	
1885	4.5825e-01	5.3531e-01	5.4274e-01	7.6863e-01	6.3523e-01	4.7080e-01	3.8437e-01	1.5867e-01	1.8539e-01	1.7800e-01	2.2260e+02	4.5921e+02	4.3267e+02	4.0956e+02	1.3220e+02	1.2150e+02	2.8348e+02	2.5449e+02	2.8945e+02	2.2436e+02	
1886	4.5839e-01	5.3496e-01	5.4333e-01	7.6848e-01	6.3515e-01	4.7119e-01	3.8453e-01	1.5859e-01	1.8534e-01	1.7809e-01	2.2244e+02	4.6173e+02	4.3642e+02	4.0942e+02	1.3173e+02	1.2165e+02	2.8272e+02	2.5470e+02	2.8926e+02	2.2341e+02	
1887	4.5822e-01	5.3553e-01	5.4328e-01	7.6821e-01	6.3553e-01	4.7137e-01	3.8354e-01	1.5851e-01	1.8555e-01	1.7776e-01	2.2173e+02	4.5985e+02	4.3402e+02	4.0879e+02	1.3200e+02	1.2169e+02	2.8035e+02	2.5436e+02	2.8933e+02	2.2279e+02	
1888	4.5862e-01	5.3501e-01	5.4379e-01	7.6795e-01	6.3544e-01	4.7135e-01	3.8494e-01	1.5856e-01	1.8581e-01	1.7719e-01	2.2274e+02	4.6202e+02	4.3761e+02	4.0842e+02	1.3162e+02	1.2163e+02	2.8410e+02	2.5444e+02	2.8996e+02	2.2223e+02	
1889	4.5897e-01	5.3549e-01	5.4351e-01	7.6768e-01	6.3543e-01	4.7084e-01	3.8677e-01	1.5862e-01	1.8582e-01	1.7681e-01	2.2149e+02	4.6102e+02	4.3588e+02	4.0778e+02	1.3204e+02	1.2156e+02	2.7997e+02	2.5436e+02	2.9026e+02	2.2204e+02	
1890	4.5868e-01	5.3512e-01	5.4383e-01	7.6721e-01	6.3503e-01	4.7071e-01	3.8633e-01	1.5837e-01	1.8559e-01	1.7686e-01	2.2301e+02	4.6293e+02	4.4007e+02	4.0692e+02	1.3151e+02	1.2153e+02	2.8492e+02	2.5387e+02	2.9021e+02	2.2196e+02	
1908	4.5939e-01	5.3563e-01	5.4567e-01	7.5767e-01	6.3468e-01	4.7161e-01	3.8938e-01	1.5816e-01	1.8393e-01	1.7675e-01	2.2234e+02	4.6643e+02	4.5613e+02	3.9607e+02	1.3110e+02	1.2205e+02	2.8376e+02	2.5339e+02	2.8807e+02	2.1487e+02	
1891	4.5876e-01	5.3576e-01	5.4365e-01	7.6665e-01	6.3524e-01	4.7026e-01	3.8685e-01	1.5870e-01	1.8525e-01	1.7710e-01	2.2253e+02	4.6347e+02	4.3811e+02	4.0643e+02	1.3198e+02	1.2147e+02	2.8324e+02	2.5389e+02	2.8928e+02	2.2178e+02	
1907	4.5955e-01	5.3620e-01	5.4507e-01	7.5850e-01	6.3524e-01	4.7124e-01	3.8974e-01	1.5800e-01	1.8386e-01	1.7659e-01	2.2336e+02	4.6693e+02	4.5173e+02	3.9721e+02	1.3161e+02	1.2199e+02	2.8686e+02	2.5328e+02	2.8808e+02	2.1605e+02	
1906	4.5944e-01	5.3569e-01	5.4549e-01	7.5925e-01	6.3551e-01	4.7111e-01	3.8910e-01	1.5816e-01	1.8422e-01	1.7636e-01	2.2352e+02	4.6728e+02	4.5436e+02	3.9807e+02	1.3148e+02	1.2179e+02	2.8715e+02	2.5351e+02	2.8818e+02	2.1612e+02	
1903	4.5898e-01	5.3616e-01	5.4446e-01	7.6044e-01	6.3468e-01	4.7121e-01	3.8784e-01	1.5855e-01	1.8472e-01	1.7642e-01	2.2257e+02	4.6561e+02	4.4737e+02	3.9992e+02	1.3138e+02	1.2195e+02	2.8419e+02	2.5357e+02	2.8892e+02	2.1603e+02	
1904	4.5940e-01	5.3558e-01	5.4498e-01	7.6018e-01	6.3488e-01	4.7112e-01	3.8927e-01	1.5859e-01	1.8471e-01	1.7631e-01	2.2176e+02	4.6658e+02	4.5154e+02	3.9979e+02	1.3104e+02	1.2186e+02	2.8135e+02	2.5334e+02	2.8909e+02	2.1601e+02	
1905	4.5905e-01	5.3616e-01	5.4460e-01	7.5983e-01	6.3566e-01	4.7102e-01	3.8771e-01	1.5832e-01	1.8461e-01	1.7627e-01	2.2213e+02	4.6582e+02	4.5014e+02	3.9914e+02	1.3160e+02	1.2168e+02	2.8239e+02	2.5325e+02	2.8881e+02	2.1607e+02	
1902	4.5870e-01	5.3558e-01	5.4495e-01	7.6084e-01	6.3438e-01	4.7144e-01	3.8680e-01	1.5841e-01	1.8460e-01	1.7667e-01	2.2252e+02	4.6715e+02	4.5026e+02	4.0033e+02	1.3077e+02	1.2209e+02	2.8406e+02	2.5372e+02	2.8826e+02	2.1625e+02	
1898	4.5878e-01	5.3532e-01	5.4460e-01	7.6330e-01	6.3517e-01	4.7066e-01	3.8709e-01	1.5857e-01	1.8489e-01	1.7643e-01	2.2206e+02	4.6592e+02	4.4684e+02	4.0207e+02	1.3141e+02	1.2169e+02	2.8219e+02	2.5343e+02	2.8936e+02	2.1923e+02	
1899	4.5908e-01	5.3583e-01	5.4418e-01	7.6275e-01	6.3545e-01	4.7104e-01	3.8764e-01	1.5862e-01	1.8455e-01	1.7700e-01	2.2379e+02	4.6580e+02	4.4492e+02	4.0192e+02	1.3183e+02	1.2166e+02	2.8780e+02	2.5377e+02	2.8862e+02	2.1844e+02	
1900	4.5966e-01	5.3544e-01	5.4475e-01	7.6205e-01	6.3510e-01	4.7106e-01	3.8987e-01	1.5831e-01	1.8440e-01	1.7724e-01	2.2280e+02	4.6662e+02	4.4884e+02	4.0100e+02	1.3127e+02	1.2184e+02	2.8458e+02	2.5380e+02	2.8781e+02	2.1767e+02	
1901	4.5916e-01	5.3600e-01	5.4437e-01	7.6127e-01	6.3521e-01	4.7131e-01	3.8784e-01	1.5849e-01	1.8448e-01	1.7703e-01	2.2238e+02	4.6646e+02	4.4618e+02	4.0072e+02	1.3149e+02	1.2205e+02	2.8304e+02	2.5384e+02	2.8766e+02	2.1690e+02	
1897	4.5902e-01	5.3564e-01	5.4418e-01	7.6397e-01	6.3566e-01	4.7124e-01	3.8680e-01	1.5849e-01	1.8527e-01	1.7621e-01	2.2220e+02	4.6451e+02	4.4331e+02	4.0310e+02	1.3190e+02	1.2161e+02	2.8264e+02	2.5322e+02	2.8953e+02	2.1936e+02	
1896	4.5906e-01	5.3517e-01	5.4460e-01	7.6447e-01	6.3491e-01	4.7144e-01	3.8713e-01	1.5830e-01	1.8537e-01	1.7651e-01	2.2197e+02	4.6516e+02	4.4549e+02	4.0323e+02	1.3135e+02	1.2177e+02	2.8137e+02	2.5363e+02	2.8946e+02	2.1889e+02	
1895	4.5942e-01	5.3581e-01	5.4405e-01	7.6495e-01	6.3516e-01	4.7115e-01	3.8851e-01	1.5828e-01	1.8512e-01	1.7704e-01	2.2222e+02	4.6276e+02	4.4180e+02	4.0421e+02	1.3184e+02	1.2185e+02	2.8253e+02	2.5353e+02	2.8939e+02	2.1872e+02	
1893	4.5955e-01	5.3583e-01	5.4418e-01	7.6572e-01	6.3558e-01	4.7154e-01	3.8821e-01	1.5824e-01	1.8466e-01	1.7734e-01	2.2288e+02	4.6342e+02	4.3962e+02	4.0541e+02	1.3186e+02	1.2185e+02	2.8491e+02	2.5375e+02	2.8817e+02	2.2109e+02	
1892	4.5916e-01	5.3540e-01	5.4441e-01	7.6609e-01	6.3518e-01	4.7099e-01	3.8746e-01	1.5867e-01	1.8490e-01	1.7729e-01	2.2320e+02	4.6382e+02	4.4187e+02	4.0552e+02	1.3159e+02	1.2166e+02	2.8562e+02	2.5383e+02	2.8840e+02	2.2172e+02	
1894	4.5942e-01	5.3532e-01	5.4443e-01	7.6542e-01	6.3520e-01	4.7125e-01	3.8842e-01	1.5822e-01	1.8477e-01	1.7729e-01	2.2313e+02	4.6407e+02	4.4317e+02	4.0418e+02	1.3139e+02	1.2191e+02	2.8568e+02	2.5376e+02	2.8873e+02	2.1990e+02	
1909	4.5876e-01	5.3604e-01	5.4528e-01	7.5653e-01	6.3523e-01	4.7221e-01	3.8637e-01	1.5827e-01	1.8417e-01	1.7654e-01	2.2174e+02	4.6709e+02	4.5415e+02	3.9452e+02	1.3162e+02	1.2224e+02	2.8144e+02	2.5332e+02	2.8806e+02	2.1404e+02	
1910	4.5831e-01	5.3551e-01	5.4602e-01	7.5534e-01	6.3487e-01	4.7194e-01	3.8565e-01	1.5793e-01	1.8436e-01	1.7601e-01	2.2080e+02	4.6870e+02	4.5809e+02	3.9339e+02	1.3093e+02	1.2209e+02	2.7845e+02	2.5305e+02	2.8796e+02	2.1395e+02	
1911	4.5786e-01	5.3596e-01	5.4545e-01	7.5357e-01	6.3528e-01	4.7210e-01	3.8394e-01	1.5827e-01	1.8425e-01	1.7565e-01	2.2100e+02	4.6906e+02	4.5520e+02	3.9087e+02	1.3171e+02	1.2221e+02	2.7948e+02	2.5292e+02	2.8818e+02	2.1423e+02	
1912	4.5757e-01	5.3539e-01	5.4591e-01	7.5069e-01	6.3524e-01	4.7161e-01	3.8404e-01	1.5841e-01	1.8397e-01	1.7577e-01	2.2024e+02	4.7059e+02	4.5882e+02	3.8735e+02	1.3101e+02	1.2213e+02	2.7761e+02	2.5267e+02	2.8814e+02	2.1407e+02	
1913	4.5747e-01	5.3600e-01	5.4545e-01	7.4730e-01	6.3501e-01	4.7160e-01	3.8434e-01	1.5830e-01	1.8370e-01	1.7606e-01	2.2100e+02	4.6740e+02	4.5751e+02	3.8431e+02	1.3101e+02	1.2207e+02	2.8084e+02	2.5304e+02	2.8725e+02	2.1380e+02	
1914	4.5746e-01	5.3552e-01	5.4632e-01	7.4339e-01	6.3447e-01	4.7199e-01	3.8474e-01	1.5804e-01	1.8347e-01	1.7621e-01	2.2113e+02	4.6796e+02	4.6191e+02	3.7843e+02	1.3036e+02	1.2219e+02	2.8209e+02	2.5261e+02	2.8636e+02	2.1370e+02	
1915	4.5769e-01	5.3607e-01	5.4604e-01	7.3952e-01	6.3413e-01	4.7187e-01	3.8628e-01	1.5814e-01	1.8331e-01	1.7624e-01	2.2123e+02	4.6569e+02	4.5954e+02	3.7780e+02	1.3098e+02	1.2218e+02	2.8254e+02	2.5272e+02	2.8620e+02	2.1286e+02	
1916	4.5736e-01	5.3558e-01	5.4691e-01	7.3645e-01	6.3342e-01	4.7218e-01	3.8573e-01	1.5803e-01	1.8341e-01	1.7615e-01	2.2128e+02	4.6844e+02	4.6370e+02	3.7611e+02	1.3031e+02	1.2231e+02	2.8317e+02	2.5320e+02	2.8679e+02	2.1181e+02	
1917	4.5723e-01	5.3608e-01	5.4662e-01	7.3426e-01	6.3359e-01	4.7167e-01	3.8607e-01	1.5811e-01	1.8371e-01	1.7599e-01	2.2124e+02	4.7129e+02	4.6095e+02	3.7732e+02	1.3082e+02	1.2207e+02	2.8264e+02	2.5315e+02	2.8724e+02	2.1121e+02	
1918	4.5725e-01	5.3544e-01	5.4740e-01	7.3316e-01	6.3319e-01	4.7209e-01	3.8604e-01	1.5832e-01	1.8390e-01	1.7559e-01	2.2076e+02	4.7273e+02	4.6545e+02	3.7697e+02	1.3030e+02	1.2207e+02	2.8087e+02	2.5303e+02	2.8721e+02	2.1160e+02	
1919	4.5691e-01	5.3593e-01	5.4700e-01	7.3217e-01	6.3349e-01	4.7126e-01	3.8578e-01	1.5809e-01	1.8378e-01	1.7535e-01	2.2103e+02	4.7345e+02	4.6331e+02	3.7596e+02	1.3084e+02	1.2194e+02	2.8139e+02	2.5262e+02	2.8734e+02	2.1216e+02	
1920	4.5740e-01	5.3544e-01	5.4771e-01	7.3146e-01	6.3331e-01	4.7172e-01	3.8697e-01	1.5830e-01	1.8340e-01	1.7557e-01	2.2154e+02	4.7147e+02	4.6705e+02	3.7617e+02	1.3047e+02	1.2205e+02	2.8319e+02	2.5284e+02	2.8710e+02	2.1183e+02	
1921	4.5729e-01	5.3588e-01	5.4728e-01	7.3105e-01	6.3346e-01	4.7142e-01	3.8692e-01	1.5820e-01	1.8311e-01	1.7598e-01	2.2176e+02	4.7191e+02	4.6451e+02	3.7540e+02	1.3083e+02	1.2206e+02	2.8457e+02	2.5272e+02	2.8657e+02	2.1089e+02	
1922	4.5778e-01	5.3530e-01	5.4791e-01	7.3053e-01	6.3327e-01	4.7193e-01	3.8831e-01	1.5780e-01	1.8311e-01	1.7608e-01	2.2147e+02	4.7137e+02	4.6831e+02	3.7523e+02	1.3041e+02	1.2212e+02	2.8394e+02	2.5247e+02	2.8580e+02	2.1026e+02	
1923	4.5709e-01	5.3579e-01	5.4747e-01	7.3024e-01	6.3379e-01	4.7176e-01	3.8606e-01	1.5795e-01	1.8322e-01	1.7580e-01	2.2101e+02	4.6984e+02	4.6629e+02	3.7504e+02	1.3088e+02	1.2203e+02	2.8220e+02	2.5279e+02	2.8579e+02	2.1008e+02	
1924	4.5695e-01	5.3525e-01	5.4821e-01	7.2995e-01	6.3329e-01	4.7184e-01	3.8583e-01	1.5795e-01	1.8330e-01	1.7545e-01	2.2088e+02	4.7181e+02	4.7068e+02	3.7466e+02	1.3054e+02	1.2219e+02	2.8125e+02	2.5269e+02	2.8641e+02	2.0970e+02	
1925	4.5688e-01	5.3575e-01	5.4781e-01	7.2972e-01	6.3353e-01	4.7195e-01	3.8530e-01	1.5813e-01	1.8333e-01	1.7530e-01	2.1993e+02	4.6900e+02	4.6794e+02	3.7446e+02	1.3091e+02	1.2221e+02	2.7802e+02	2.5290e+02	2.8711e+02	2.0927e+02	
1926	4.5688e-01	5.3517e-01	5.4852e-01	7.2943e-01	6.3355e-01	4.7239e-01	3.8484e-01	1.5820e-01	1.8333e-01	1.7531e-01	2.2071e+02	4.7015e+02	4.7191e+02	3.7418e+02	1.3035e+02	1.2239e+02	2.8123e+02	2.5244e+02	2.8678e+02	2.0898e+02	
1927	4.5688e-01	5.3575e-01	5.4805e-01	7.2919e-01	6.3372e-01	4.7180e-01	3.8550e-01	1.5820e-01	1.8323e-01	1.7534e-01	2.2021e+02	4.7083e+02	4.6912e+02	3.7390e+02	1.3071e+02	1.2215e+02	2.7973e+02	2.5182e+02	2.8630e+02	2.0925e+02	
1928	4.5722e-01	5.3530e-01	5.4866e-01	7.2893e-01	6.3364e-01	4.7236e-01	3.8616e-01	1.5810e-01	1.8295e-01	1.7540e-01	2.2096e+02	4.7453e+02	4.7340e+02	3.7367e+02	1.3042e+02	1.2219e+02	2.8170e+02	2.5209e+02	2.8565e+02	2.0939e+02	
1929	4.5695e-01	5.3593e-01	5.4823e-01	7.2879e-01	6.3399e-01	4.7185e-01	3.8566e-01	1.5794e-01	1.8264e-01	1.7554e-01	2.2133e+02	4.7315e+02	4.7089e+02	3.7360e+02	1.3081e+02	1.2221e+02	2.8277e+02	2.5231e+02	2.8573e+02	2.0885e+02	
1930	4.5768e-01	5.3544e-01	5.4901e-01	7.2868e-01	6.3358e-01	4.7187e-01	3.8816e-01	1.5810e-01	1.8262e-01	1.7567e-01	2.2151e+02	4.7152e+02	4.7472e+02	3.7334e+02	1.3040e+02	1.2223e+02	2.8360e+02	2.5253e+02	2.8576e+02	2.0758e+02	
1931	4.5705e-01	5.3589e-01	5.4858e-01	7.2855e-01	6.3389e-01	4.7193e-01	3.8582e-01	1.5822e-01	1.8286e-01	1.7559e-01	2.2016e+02	4.7184e+02	4.7267e+02	3.7322e+02	1.3090e+02	1.2222e+02	2.7955e+02	2.5301e+02	2.8583e+02	2.0645e+02	
1932	4.5665e-01	5.3532e-01	5.4933e-01	7.2838e-01	6.3341e-01	4.7177e-01	3.8509e-01	1.5796e-01	1.8313e-01	1.7523e-01	2.1981e+02	4.7403e+02	4.7665e+02	3.7308e+02	1.3041e+02	1.2227e+02	2.7825e+02	2.5249e+02	2.8587e+02	2.0660e+02	
1933	4.5610e-01	5.3597e-01	5.4890e-01	7.2829e-01	6.3352e-01	4.7135e-01	3.8364e-01	1.5831e-01	1.8302e-01	1.7497e-01	2.2014e+02	4.7035e+02	4.7502e+02	3.7306e+02	1.3097e+02	1.2200e+02	2.7928e+02	2.5268e+02	2.8601e+02	2.0713e+02	
1934	4.5692e-01	5.3550e-01	5.4973e-01	7.2826e-01	6.3394e-01	4.7206e-01	3.8526e-01	1.5841e-01	1.8271e-01	1.7516e-01	2.2068e+02	4.7389e+02	4.7924e+02	3.7278e+02	1.3055e+02	1.2205e+02	2.8059e+02	2.5256e+02	2.8623e+02	2.0699e+02	
1935	4.5685e-01	5.3617e-01	5.4945e-01	7.2822e-01	6.3428e-01	4.7151e-01	3.8543e-01	1.5794e-01	1.8249e-01	1.7547e-01	2.2061e+02	4.7023e+02	4.7717e+02	3.7280e+02	1.3067e+02	1.2207e+02	2.8095e+02	2.5218e+02	2.8537e+02	2.0591e+02	
1937	4.5760e-01	5.3619e-01	5.4997e-01	7.2797e-01	6.3431e-01	4.7195e-01	3.8739e-01	1.5785e-01	1.8266e-01	1.7527e-01	2.2077e+02	4.7216e+02	4.7873e+02	3.7220e+02	1.3081e+02	1.2201e+02	2.8173e+02	2.5247e+02	2.8507e+02	2.0563e+02	
1936	4.5712e-01	5.3556e-01	5.5033e-01	7.2815e-01	6.3401e-01	4.7141e-01	3.8652e-01	1.5798e-01	1.8247e-01	1.7552e-01	2.2118e+02	4.7505e+02	4.8135e+02	3.7249e+02	1.3040e+02	1.2213e+02	2.8291e+02	2.5223e+02	2.8495e+02	2.0553e+02	
1938	4.5728e-01	5.3557e-01	5.5074e-01	7.2783e-01	6.3437e-01	4.7255e-01	3.8593e-01	1.5777e-01	1.8269e-01	1.7503e-01	2.1996e+02	4.7473e+02	4.8318e+02	3.7224e+02	1.3032e+02	1.2222e+02	2.7842e+02	2.5214e+02	2.8571e+02	2.0544e+02	
1939	4.5734e-01	5.3616e-01	5.5107e-01	7.2775e-01	6.3489e-01	4.7223e-01	3.8601e-01	1.5826e-01	1.8288e-01	1.7493e-01	2.2080e+02	4.7439e+02	4.8222e+02	3.7208e+02	1.3086e+02	1.2227e+02	2.8049e+02	2.5244e+02	2.8669e+02	2.0497e+02	
1940	4.5686e-01	5.3548e-01	5.5027e-01	7.2768e-01	6.3465e-01	4.7231e-01	3.8443e-01	1.5866e-01	1.8310e-01	1.7493e-01	2.1970e+02	4.7498e+02	4.8150e+02	3.7192e+02	1.3017e+02	1.2222e+02	2.7742e+02	2.5219e+02	2.8646e+02	2.0460e+02	
1941	4.5662e-01	5.3607e-01	5.5127e-01	7.2754e-01	6.3499e-01	4.7205e-01	3.8363e-01	1.5832e-01	1.8312e-01	1.7488e-01	2.2015e+02	4.8005e+02	4.8484e+02	3.7173e+02	1.3087e+02	1.2204e+02	2.7843e+02	2.5178e+02	2.8630e+02	2.0485e+02	
1942	4.5732e-01	5.3598e-01	5.5226e-01	7.2738e-01	6.3502e-01	4.7219e-01	3.8571e-01	1.5850e-01	1.8312e-01	1.7495e-01	2.2048e+02	4.7602e+02	4.8512e+02	3.7156e+02	1.3034e+02	1.2211e+02	2.8016e+02	2.5216e+02	2.8669e+02	2.0483e+02	
1943	4.5733e-01	5.3654e-01	5.5122e-01	7.2717e-01	6.3512e-01	4.7193e-01	3.8612e-01	1.5865e-01	1.8291e-01	1.7515e-01	2.2137e+02	4.7602e+02	4.8367e+02	3.7111e+02	1.3075e+02	1.2223e+02	2.8267e+02	2.5271e+02	2.8646e+02	2.0445e+02	
1944	4.5809e-01	5.3606e-01	5.5207e-01	7.2686e-01	6.3483e-01	4.7238e-01	3.8826e-01	1.5843e-01	1.8283e-01	1.7532e-01	2.2123e+02	4.7659e+02	4.8839e+02	3.7097e+02	1.3049e+02	1.2241e+02	2.8189e+02	2.5253e+02	2.8624e+02	2.0357e+02	
1945	4.5841e-01	5.3670e-01	5.5298e-01	7.2673e-01	6.3501e-01	4.7261e-01	3.8878e-01	1.5859e-01	1.8298e-01	1.7533e-01	2.2153e+02	4.7612e+02	4.8871e+02	3.7091e+02	1.3089e+02	1.2237e+02	2.8256e+02	2.5238e+02	2.8672e+02	2.0273e+02	
1946	4.5764e-01	5.3607e-01	5.5203e-01	7.2660e-01	6.3470e-01	4.7243e-01	3.8678e-01	1.5858e-01	1.8341e-01	1.7505e-01	2.2039e+02	4.7769e+02	4.8737e+02	3.7057e+02	1.3025e+02	1.2239e+02	2.7965e+02	2.5241e+02	2.8699e+02	2.0279e+02	
1947	4.5718e-01	5.3663e-01	5.5285e-01	7.2648e-01	6.3521e-01	4.7200e-01	3.8541e-01	1.5844e-01	1.8342e-01	1.7477e-01	2.2051e+02	4.7972e+02	4.9100e+02	3.7032e+02	1.3085e+02	1.2219e+02	2.7930e+02	2.5222e+02	2.8745e+02	2.0339e+02	
1948	4.5721e-01	5.3655e-01	5.5369e-01	7.2637e-01	6.3491e-01	4.7165e-01	3.8600e-01	1.5888e-01	1.8334e-01	1.7476e-01	2.2063e+02	4.7882e+02	4.9102e+02	3.7042e+02	1.3020e+02	1.2220e+02	2.7980e+02	2.5236e+02	2.8793e+02	2.0381e+02	
1949	4.5732e-01	5.3738e-01	5.5252e-01	7.2625e-01	6.3538e-01	4.7183e-01	3.8581e-01	1.5897e-01	1.8323e-01	1.7506e-01	2.2070e+02	4.7694e+02	4.8912e+02	3.7027e+02	1.3087e+02	1.2212e+02	2.8024e+02	2.5240e+02	2.8693e+02	2.0322e+02	
1950	4.5806e-01	5.3704e-01	5.5334e-01	7.2610e-01	6.3594e-01	4.7177e-01	3.8791e-01	1.5860e-01	1.8311e-01	1.7532e-01	2.2163e+02	4.7908e+02	4.9278e+02	3.7008e+02	1.3059e+02	1.2228e+02	2.8282e+02	2.5209e+02	2.8659e+02	2.0265e+02	
1951	4.5840e-01	5.3760e-01	5.5639e-01	7.2781e-01	6.3420e-01	4.7165e-01	3.8906e-01	1.5713e-01	1.8546e-01	1.7406e-01	2.2523e+02	4.7419e+02	4.7375e+02	3.8767e+02	1.3025e+02	1.2251e+02	2.8936e+02	2.4574e+02	3.1752e+02	2.0781e+02	
1952	4.6140e-01	5.3532e-01	5.5726e-01	7.2910e-01	6.3389e-01	4.7631e-01	3.9358e-01	1.5775e-01	1.9381e-01	1.7676e-01	2.2424e+02	4.9489e+02	4.8144e+02	3.9394e+02	1.3127e+02	1.2441e+02	2.8026e+02	2.3802e+02	3.1309e+02	2.1743e+02	
1953	4.5903e-01	5.3309e-01	5.5806e-01	7.3676e-01	6.3357e-01	4.7530e-01	3.8758e-01	1.6055e-01	1.9135e-01	1.7544e-01	2.2363e+02	5.0794e+02	4.4376e+02	4.3304e+02	1.3210e+02	1.2414e+02	2.8098e+02	2.3395e+02	3.0597e+02	1.8126e+02	
1954	4.5956e-01	5.3128e-01	5.6228e-01	7.4499e-01	6.3280e-01	4.7861e-01	3.8638e-01	1.5981e-01	1.9051e-01	1.7438e-01	2.2221e+02	4.8645e+02	4.5973e+02	4.2801e+02	1.3101e+02	1.2654e+02	2.7382e+02	2.4012e+02	3.1324e+02	1.8214e+02	
1955	4.6040e-01	5.2655e-01	5.6427e-01	7.4281e-01	6.3394e-01	4.8327e-01	3.8318e-01	1.6184e-01	1.8914e-01	1.7411e-01	2.2334e+02	5.3612e+02	4.4442e+02	4.2407e+02	1.3340e+02	1.2738e+02	2.7741e+02	2.4385e+02	2.9673e+02	1.7328e+02	
1956	4.6050e-01	5.2405e-01	5.6000e-01	7.4960e-01	6.3462e-01	4.8285e-01	3.8408e-01	1.6322e-01	1.8555e-01	1.7349e-01	2.2578e+02	6.0072e+02	4.3081e+02	4.1355e+02	1.3117e+02	1.2721e+02	2.7659e+02	2.5498e+02	2.9266e+02	2.1054e+02	
1957	4.5769e-01	5.2649e-01	5.6078e-01	7.4245e-01	6.3147e-01	4.7694e-01	3.8259e-01	1.6088e-01	1.8649e-01	1.7540e-01	2.2757e+02	5.9561e+02	4.4913e+02	4.0432e+02	1.3101e+02	1.2419e+02	2.8142e+02	2.5152e+02	3.1321e+02	2.1202e+02	
1958	4.5745e-01	5.3042e-01	5.5685e-01	7.3813e-01	6.2673e-01	4.7536e-01	3.8439e-01	1.5725e-01	1.9420e-01	1.7787e-01	2.2484e+02	5.2611e+02	4.3019e+02	4.3293e+02	1.2990e+02	1.2171e+02	2.7901e+02	2.3893e+02	3.2887e+02	2.1195e+02	
1959	4.5683e-01	5.2955e-01	5.6223e-01	7.3144e-01	6.2597e-01	4.7720e-01	3.8230e-01	1.6060e-01	1.9242e-01	1.7620e-01	2.1936e+02	4.3024e+02	4.5782e+02	4.0029e+02	1.2921e+02	1.2426e+02	2.7563e+02	2.3957e+02	3.1755e+02	1.9696e+02	
1960	4.5858e-01	5.2517e-01	5.6406e-01	7.2477e-01	6.2531e-01	4.8027e-01	3.8726e-01	1.5932e-01	1.9119e-01	1.7346e-01	2.2328e+02	4.5857e+02	4.3748e+02	4.3864e+02	1.3093e+02	1.2612e+02	2.7886e+02	2.4069e+02	3.2065e+02	1.9429e+02	
1961	4.6037e-01	5.2319e-01	5.5768e-01	7.3210e-01	6.2615e-01	4.8353e-01	3.8936e-01	1.5905e-01	1.8885e-01	1.7479e-01	2.2103e+02	4.4470e+02	4.4125e+02	4.4324e+02	1.3339e+02	1.2693e+02	2.6957e+02	2.4317e+02	3.2076e+02	1.9801e+02	
1962	4.6005e-01	5.2239e-01	5.5394e-01	7.3038e-01	6.3125e-01	4.8345e-01	3.8588e-01	1.5716e-01	1.9164e-01	1.7626e-01	2.2093e+02	4.5236e+02	4.4085e+02	4.1640e+02	1.3244e+02	1.2765e+02	2.7215e+02	2.4801e+02	3.1324e+02	1.9695e+02	
1963	4.5973e-01	5.1959e-01	5.4600e-01	7.2967e-01	6.2997e-01	4.7876e-01	3.9028e-01	1.6205e-01	1.9177e-01	1.7498e-01	2.1855e+02	4.3937e+02	4.2475e+02	4.0160e+02	1.3015e+02	1.2342e+02	2.7604e+02	2.4488e+02	3.1269e+02	1.8520e+02	
1964	4.6035e-01	5.1711e-01	5.4893e-01	7.3756e-01	6.2643e-01	4.7980e-01	3.9147e-01	1.6260e-01	1.9495e-01	1.7802e-01	2.2160e+02	4.4440e+02	4.3395e+02	4.2221e+02	1.3223e+02	1.2649e+02	2.7881e+02	2.4242e+02	3.0410e+02	1.9467e+02	
1965	4.5930e-01	5.1598e-01	5.4603e-01	7.3729e-01	6.2968e-01	4.7721e-01	3.8882e-01	1.6319e-01	1.9588e-01	1.7887e-01	2.1896e+02	4.5208e+02	4.3024e+02	3.9326e+02	1.3555e+02	1.2488e+02	2.6889e+02	2.4674e+02	3.2395e+02	1.9297e+02	
1966	4.5750e-01	5.1694e-01	5.4893e-01	7.2963e-01	6.3169e-01	4.7872e-01	3.8221e-01	1.5827e-01	1.9470e-01	1.7753e-01	2.2269e+02	5.2870e+02	4.4961e+02	3.9014e+02	1.3491e+02	1.2739e+02	2.7289e+02	2.4352e+02	3.2032e+02	1.8257e+02	
1967	4.5637e-01	5.1581e-01	5.5113e-01	7.2741e-01	6.2849e-01	4.8347e-01	3.7733e-01	1.5808e-01	1.9058e-01	1.7699e-01	2.1583e+02	4.5897e+02	4.4634e+02	3.9726e+02	1.3013e+02	1.2837e+02	2.6233e+02	2.4085e+02	2.9760e+02	1.8408e+02	
1968	4.5428e-01	5.1407e-01	5.5507e-01	7.2001e-01	6.2918e-01	4.8114e-01	3.7298e-01	1.6160e-01	1.9045e-01	1.7510e-01	2.1746e+02	4.6162e+02	4.7770e+02	3.7583e+02	1.3115e+02	1.2655e+02	2.6426e+02	2.4938e+02	3.1264e+02	1.8587e+02	
1969	4.5269e-01	5.1561e-01	5.5469e-01	7.1342e-01	6.2825e-01	4.7750e-01	3.7152e-01	1.5963e-01	1.9234e-01	1.7812e-01	2.1777e+02	4.2723e+02	4.8036e+02	3.9335e+02	1.2998e+02	1.2510e+02	2.6914e+02	2.3944e+02	3.0851e+02	2.0721e+02	
1971	4.5560e-01	5.1556e-01	5.8440e-01	7.1280e-01	6.3153e-01	4.8293e-01	3.7313e-01	1.6047e-01	1.8723e-01	1.7970e-01	2.1846e+02	4.4356e+02	5.2434e+02	3.7712e+02	1.3252e+02	1.2772e+02	2.6675e+02	2.5519e+02	2.9865e+02	1.9140e+02	
1970	4.5463e-01	5.1391e-01	5.6209e-01	7.1438e-01	6.3086e-01	4.8153e-01	3.7234e-01	1.5868e-01	1.9123e-01	1.7940e-01	2.1954e+02	4.5950e+02	5.0167e+02	4.1348e+02	1.3352e+02	1.2728e+02	2.6508e+02	2.4921e+02	3.0882e+02	1.8705e+02	
1972	4.5406e-01	5.1745e-01	6.0233e-01	7.0267e-01	6.3029e-01	4.7715e-01	3.7310e-01	1.6041e-01	1.9118e-01	1.7825e-01	2.1806e+02	4.2961e+02	5.2935e+02	3.7295e+02	1.3183e+02	1.2419e+02	2.6714e+02	2.5812e+02	3.0648e+02	1.9960e+02	
1973	4.5292e-01	5.1672e-01	5.9819e-01	7.0779e-01	6.2892e-01	4.7951e-01	3.6787e-01	1.6038e-01	1.9107e-01	1.7696e-01	2.2017e+02	4.7979e+02	5.1159e+02	4.0935e+02	1.3144e+02	1.2865e+02	2.6130e+02	2.4894e+02	3.1425e+02	2.0260e+02	
1974	4.5413e-01	5.1784e-01	5.9820e-01	7.1537e-01	6.2868e-01	4.8101e-01	3.7064e-01	1.6185e-01	1.8581e-01	1.7775e-01	2.1991e+02	4.3009e+02	5.7823e+02	4.0470e+02	1.3077e+02	1.2774e+02	2.6927e+02	2.5251e+02	2.9010e+02	1.8361e+02	
1975	4.5624e-01	5.1781e-01	5.9705e-01	7.1269e-01	6.3172e-01	4.8329e-01	3.7399e-01	1.5872e-01	1.8656e-01	1.7939e-01	2.2020e+02	4.1869e+02	5.0973e+02	4.1178e+02	1.3631e+02	1.2969e+02	2.6802e+02	2.4438e+02	2.9371e+02	2.0711e+02	
1976	4.5713e-01	5.1466e-01	5.9050e-01	7.1570e-01	6.3233e-01	4.8323e-01	3.7776e-01	1.5501e-01	1.8720e-01	1.7867e-01	2.2299e+02	4.5782e+02	5.3867e+02	4.2899e+02	1.3289e+02	1.2840e+02	2.7244e+02	2.4082e+02	2.9729e+02	2.0072e+02	
1977	4.5865e-01	5.1600e-01	6.0565e-01	7.1746e-01	6.3396e-01	4.8106e-01	3.7964e-01	1.5708e-01	1.9629e-01	1.7900e-01	2.2379e+02	4.3492e+02	5.3593e+02	4.4757e+02	1.4149e+02	1.2878e+02	2.6774e+02	2.4174e+02	3.1465e+02	1.9497e+02	
1978	4.6066e-01	5.1561e-01	5.9735e-01	7.2338e-01	6.3834e-01	4.8584e-01	3.8023e-01	1.5777e-01	1.9682e-01	1.7452e-01	2.2324e+02	4.5009e+02	5.1154e+02	4.3801e+02	1.3939e+02	1.2902e+02	2.7013e+02	2.4584e+02	2.9854e+02	2.0419e+02	
1979	4.6021e-01	5.1721e-01	5.8350e-01	7.1644e-01	6.3936e-01	4.8439e-01	3.8194e-01	1.5885e-01	1.9274e-01	1.7227e-01	2.2434e+02	5.0169e+02	5.0101e+02	4.0742e+02	1.4415e+02	1.2629e+02	2.7161e+02	2.5134e+02	3.0309e+02	2.0329e+02	
1980	4.5878e-01	5.2011e-01	5.8989e-01	7.2043e-01	6.4053e-01	4.8257e-01	3.7620e-01	1.6143e-01	1.9638e-01	1.7450e-01	2.2393e+02	4.5663e+02	5.3267e+02	4.2697e+02	1.4256e+02	1.2610e+02	2.6531e+02	2.4042e+02	3.3900e+02	2.0131e+02	
1981	4.5880e-01	5.1875e-01	5.8889e-01	7.2419e-01	6.4065e-01	4.8405e-01	3.7535e-01	1.6202e-01	1.9523e-01	1.7334e-01	2.2757e+02	5.0854e+02	4.7811e+02	4.2582e+02	1.4517e+02	1.2715e+02	2.7103e+02	2.5161e+02	3.3442e+02	2.1644e+02	
1982	4.5709e-01	5.1920e-01	5.7690e-01	7.2072e-01	6.4167e-01	4.8037e-01	3.7424e-01	1.6261e-01	1.9197e-01	1.7293e-01	2.2259e+02	4.4213e+02	4.9453e+02	3.9729e+02	1.4442e+02	1.2600e+02	2.6571e+02	2.5941e+02	3.3085e+02	2.1457e+02	
1983	4.5571e-01	5.1975e-01	5.8244e-01	7.2692e-01	6.4409e-01	4.7244e-01	3.7447e-01	1.6211e-01	1.9434e-01	1.7688e-01	2.2397e+02	4.5140e+02	5.3706e+02	4.3382e+02	1.4660e+02	1.2374e+02	2.6367e+02	2.6202e+02	3.1280e+02	2.2486e+02	
1984	4.5828e-01	5.1847e-01	6.0444e-01	7.3695e-01	6.4272e-01	4.8428e-01	3.6973e-01	1.6384e-01	1.9005e-01	1.7799e-01	2.2488e+02	5.0492e+02	5.5872e+02	4.3478e+02	1.3869e+02	1.3020e+02	2.5913e+02	2.6226e+02	3.1187e+02	2.1628e+02	
1985	4.5777e-01	5.1755e-01	6.3032e-01	7.4173e-01	6.4006e-01	4.8537e-01	3.6543e-01	1.6205e-01	1.8976e-01	1.8005e-01	2.2355e+02	4.3677e+02	5.9281e+02	4.3971e+02	1.4093e+02	1.2918e+02	2.6003e+02	2.6125e+02	3.0648e+02	2.1732e+02	
1986	4.5759e-01	5.1788e-01	6.1729e-01	7.3851e-01	6.4012e-01	4.8396e-01	3.6726e-01	1.5915e-01	1.8871e-01	1.7936e-01	2.1946e+02	4.3158e+02	5.5759e+02	4.0994e+02	1.4297e+02	1.2889e+02	2.5865e+02	2.4700e+02	3.0186e+02	1.9646e+02	
1987	4.5421e-01	5.1530e-01	5.9094e-01	7.3601e-01	6.4023e-01	4.7855e-01	3.6383e-01	1.5589e-01	1.9499e-01	1.7912e-01	2.2011e+02	4.2018e+02	5.3267e+02	4.4762e+02	1.4633e+02	1.2527e+02	2.5567e+02	2.4144e+02	3.2126e+02	2.0147e+02	
1988	4.5549e-01	5.1254e-01	5.7406e-01	7.4203e-01	6.4060e-01	4.8540e-01	3.6270e-01	1.6000e-01	1.9196e-01	1.7683e-01	2.1974e+02	4.6585e+02	4.8536e+02	4.4257e+02	1.4357e+02	1.3007e+02	2.5550e+02	2.5281e+02	2.8999e+02	1.9712e+02	
1989	4.5482e-01	5.1120e-01	5.6177e-01	7.4226e-01	6.3930e-01	4.8653e-01	3.6255e-01	1.6099e-01	1.8589e-01	1.7556e-01	2.2110e+02	4.6620e+02	4.8216e+02	4.2624e+02	1.3845e+02	1.3085e+02	2.6146e+02	2.6384e+02	3.0198e+02	1.9797e+02	
1990	4.5431e-01	5.1100e-01	5.7677e-01	7.4079e-01	6.3852e-01	4.8385e-01	3.6261e-01	1.6023e-01	1.8433e-01	1.7592e-01	2.1862e+02	4.6490e+02	5.7405e+02	4.2545e+02	1.3703e+02	1.2788e+02	2.5583e+02	2.5109e+02	2.9077e+02	1.8502e+02	
1991	4.5588e-01	5.1363e-01	6.0297e-01	7.3666e-01	6.3808e-01	4.8187e-01	3.6711e-01	1.5689e-01	1.8872e-01	1.7533e-01	2.2068e+02	4.0402e+02	5.7876e+02	3.9503e+02	1.3465e+02	1.2649e+02	2.6735e+02	2.4519e+02	3.1241e+02	2.1591e+02	
1992	4.5550e-01	5.1153e-01	5.9682e-01	7.3298e-01	6.3836e-01	4.7540e-01	3.7165e-01	1.5892e-01	1.9879e-01	1.7763e-01	2.2324e+02	4.7232e+02	5.3627e+02	4.2628e+02	1.3990e+02	1.2453e+02	2.6397e+02	2.4185e+02	3.2918e+02	2.1328e+02	
1993	4.5596e-01	5.1372e-01	5.9541e-01	7.4343e-01	6.3865e-01	4.7619e-01	3.7140e-01	1.6571e-01	1.9489e-01	1.7582e-01	2.2242e+02	4.5415e+02	5.5702e+02	4.3768e+02	1.3770e+02	1.2381e+02	2.6366e+02	2.6008e+02	3.2030e+02	1.9180e+02	
1994	4.5528e-01	5.1445e-01	6.0427e-01	7.4119e-01	6.3486e-01	4.7848e-01	3.6850e-01	1.6215e-01	1.9024e-01	1.7620e-01	2.1882e+02	4.3809e+02	5.6573e+02	4.2526e+02	1.3943e+02	1.2622e+02	2.6089e+02	2.5165e+02	2.8644e+02	1.8528e+02	
1995	4.5636e-01	5.1303e-01	6.0556e-01	7.3750e-01	6.3900e-01	4.8112e-01	3.6801e-01	1.5972e-01	1.8948e-01	1.7625e-01	2.2012e+02	4.3357e+02	5.5783e+02	4.1117e+02	1.4238e+02	1.2789e+02	2.6168e+02	2.4786e+02	3.0562e+02	1.8917e+02	
1997	4.5687e-01	5.1420e-01	5.8512e-01	7.3662e-01	6.4152e-01	4.8066e-01	3.7131e-01	1.5731e-01	1.9033e-01	1.7407e-01	2.2368e+02	5.0583e+02	4.6374e+02	3.8905e+02	1.4361e+02	1.2662e+02	2.6916e+02	2.4810e+02	3.2601e+02	2.1013e+02	
1998	4.5556e-01	5.1670e-01	5.7126e-01	7.3570e-01	6.4349e-01	4.7903e-01	3.6789e-01	1.5870e-01	1.9271e-01	1.7643e-01	2.1993e+02	5.0626e+02	4.5236e+02	4.1263e+02	1.4138e+02	1.2882e+02	2.5891e+02	2.4944e+02	3.0163e+02	2.0331e+02	
1996	4.5753e-01	5.1319e-01	5.9821e-01	7.3877e-01	6.4362e-01	4.8504e-01	3.6744e-01	1.5836e-01	1.8756e-01	1.7565e-01	2.2145e+02	4.7397e+02	5.0154e+02	4.2147e+02	1.4415e+02	1.2891e+02	2.6182e+02	2.4506e+02	3.0724e+02	1.9723e+02	
1999	4.5935e-01	5.2038e-01	5.6632e-01	7.3575e-01	6.3938e-01	4.9378e-01	3.6989e-01	1.6312e-01	1.8443e-01	1.7627e-01	2.2034e+02	4.6739e+02	4.8234e+02	4.0500e+02	1.3389e+02	1.3529e+02	2.7041e+02	2.5562e+02	2.5657e+02	1.9677e+02	
2000	4.5933e-01	5.1640e-01	5.6619e-01	7.3019e-01	6.4015e-01	4.9334e-01	3.7083e-01	1.5973e-01	1.8308e-01	1.7959e-01	2.2015e+02	4.5083e+02	4.9161e+02	4.1670e+02	1.3775e+02	1.3424e+02	2.7048e+02	2.4414e+02	2.5480e+02	1.9179e+02	
2001	4.5856e-01	5.1471e-01	5.6520e-01	7.2590e-01	6.4340e-01	4.9256e-01	3.6755e-01	1.5829e-01	1.8408e-01	1.7844e-01	2.2014e+02	4.9293e+02	4.6998e+02	4.2912e+02	1.4323e+02	1.3329e+02	2.5972e+02	2.3930e+02	2.8563e+02	1.8553e+02	
2002	4.5773e-01	5.1456e-01	5.5137e-01	7.2657e-01	6.4740e-01	4.9102e-01	3.6531e-01	1.5622e-01	1.8747e-01	1.7454e-01	2.2007e+02	5.0917e+02	4.4920e+02	4.1989e+02	1.4215e+02	1.3227e+02	2.5789e+02	2.2558e+02	3.1216e+02	1.8797e+02	
2003	4.5900e-01	5.1662e-01	5.4405e-01	7.2845e-01	6.4645e-01	4.9122e-01	3.6925e-01	1.5902e-01	1.9273e-01	1.7160e-01	2.2342e+02	4.5290e+02	4.6065e+02	4.4478e+02	1.4512e+02	1.3296e+02	2.6059e+02	2.4721e+02	3.2361e+02	2.0469e+02	
2004	4.5863e-01	5.1913e-01	5.4213e-01	7.3395e-01	6.4264e-01	4.9080e-01	3.6940e-01	1.6229e-01	1.9183e-01	1.7327e-01	2.2096e+02	4.4238e+02	4.3761e+02	4.2458e+02	1.4349e+02	1.3216e+02	2.6178e+02	2.6285e+02	3.1409e+02	1.9564e+02	
2005	4.5956e-01	5.1990e-01	5.4472e-01	7.2499e-01	6.4088e-01	4.9078e-01	3.7417e-01	1.6076e-01	1.9215e-01	1.7634e-01	2.1916e+02	4.5597e+02	4.3472e+02	4.1022e+02	1.4031e+02	1.3085e+02	2.6400e+02	2.4681e+02	3.0966e+02	1.7923e+02	
2006	4.6010e-01	5.1538e-01	5.4805e-01	7.2201e-01	6.4040e-01	4.9171e-01	3.7628e-01	1.6010e-01	1.9189e-01	1.7672e-01	2.2202e+02	4.8545e+02	4.2902e+02	4.1568e+02	1.3711e+02	1.3286e+02	2.6637e+02	2.5646e+02	3.1673e+02	1.8414e+02	
2007	4.5955e-01	5.1676e-01	5.5057e-01	7.2332e-01	6.4010e-01	4.9324e-01	3.7270e-01	1.5994e-01	1.8837e-01	1.7546e-01	2.1751e+02	4.5729e+02	4.4537e+02	4.2277e+02	1.3857e+02	1.3467e+02	2.5974e+02	2.4603e+02	2.7942e+02	1.7561e+02	
2009	4.5699e-01	5.1468e-01	5.5088e-01	7.2342e-01	6.3970e-01	4.8871e-01	3.7076e-01	1.5793e-01	1.8255e-01	1.7315e-01	2.1784e+02	4.5117e+02	4.6543e+02	4.1027e+02	1.3557e+02	1.3113e+02	2.6226e+02	2.4618e+02	2.9668e+02	1.8265e+02	
2008	4.5929e-01	5.1748e-01	5.4948e-01	7.2466e-01	6.3939e-01	4.9428e-01	3.7307e-01	1.5672e-01	1.8173e-01	1.7437e-01	2.2095e+02	4.4718e+02	4.3928e+02	4.2832e+02	1.3396e+02	1.3437e+02	2.6839e+02	2.4725e+02	2.9850e+02	1.9465e+02	
2010	4.5869e-01	5.1458e-01	5.4989e-01	7.2514e-01	6.4355e-01	4.9135e-01	3.7085e-01	1.5763e-01	1.8380e-01	1.7480e-01	2.2339e+02	4.4564e+02	4.5279e+02	4.4259e+02	1.4215e+02	1.3425e+02	2.6765e+02	2.5198e+02	3.0432e+02	1.9926e+02	
2011	4.5991e-01	5.1485e-01	5.5139e-01	7.2680e-01	6.4626e-01	4.9767e-01	3.6700e-01	1.5835e-01	1.8156e-01	1.7620e-01	2.1690e+02	4.3768e+02	4.5000e+02	4.0014e+02	1.3816e+02	1.3454e+02	2.6516e+02	2.3869e+02	2.7452e+02	1.7608e+02	
2012	4.5820e-01	5.1306e-01	5.6102e-01	7.2221e-01	6.3882e-01	4.9296e-01	3.7128e-01	1.5652e-01	1.8172e-01	1.7460e-01	2.1837e+02	4.2051e+02	4.7441e+02	4.1778e+02	1.3351e+02	1.3359e+02	2.6828e+02	2.4085e+02	2.7077e+02	1.9762e+02	
2013	4.5872e-01	5.1533e-01	5.6703e-01	7.2587e-01	6.4143e-01	4.9189e-01	3.7018e-01	1.5670e-01	1.8464e-01	1.7530e-01	2.1687e+02	3.9934e+02	4.7658e+02	4.2204e+02	1.3867e+02	1.3381e+02	2.5975e+02	2.3727e+02	2.8704e+02	1.9524e+02	
2014	4.5775e-01	5.1569e-01	5.7357e-01	7.2647e-01	6.4080e-01	4.8906e-01	3.6820e-01	1.5719e-01	1.8557e-01	1.7553e-01	2.1542e+02	4.2246e+02	5.0326e+02	4.1854e+02	1.3548e+02	1.3050e+02	2.5588e+02	2.3042e+02	2.9320e+02	1.9205e+02	
2015	4.5643e-01	5.1362e-01	5.7562e-01	7.2128e-01	6.3846e-01	4.8352e-01	3.7070e-01	1.5735e-01	1.8894e-01	1.7445e-01	2.1500e+02	4.1678e+02	5.2261e+02	4.0511e+02	1.3784e+02	1.2721e+02	2.5879e+02	2.3054e+02	2.9912e+02	1.7173e+02	
2016	4.5516e-01	5.1341e-01	5.9716e-01	7.2043e-01	6.3589e-01	4.7982e-01	3.6999e-01	1.5772e-01	1.8912e-01	1.7329e-01	2.1655e+02	4.3285e+02	5.8028e+02	4.3843e+02	1.3777e+02	1.2810e+02	2.6068e+02	2.2413e+02	2.5753e+02	1.7376e+02	
2017	4.5716e-01	5.1569e-01	6.0947e-01	7.2014e-01	6.3572e-01	4.8632e-01	3.7144e-01	1.6086e-01	1.8299e-01	1.7136e-01	2.1918e+02	4.3591e+02	5.6921e+02	4.0775e+02	1.3275e+02	1.2918e+02	2.6935e+02	2.3929e+02	2.6818e+02	1.9459e+02	
2018	4.5769e-01	5.2055e-01	6.0438e-01	7.1361e-01	6.3233e-01	4.8892e-01	3.7300e-01	1.6006e-01	1.8277e-01	1.7228e-01	2.2022e+02	4.3901e+02	5.1973e+02	4.1467e+02	1.3247e+02	1.3079e+02	2.6342e+02	2.3509e+02	3.1084e+02	2.1187e+02	
2019	4.5631e-01	5.2286e-01	5.9452e-01	7.1654e-01	6.3245e-01	4.8308e-01	3.7277e-01	1.5736e-01	1.8862e-01	1.7606e-01	2.2046e+02	4.5240e+02	5.1343e+02	4.2585e+02	1.3600e+02	1.2910e+02	2.6378e+02	2.3233e+02	3.1263e+02	1.9564e+02	
2020	4.5617e-01	5.2043e-01	5.8299e-01	7.1106e-01	6.3353e-01	4.8526e-01	3.7148e-01	1.6048e-01	1.8864e-01	1.7356e-01	2.1859e+02	4.2744e+02	4.9183e+02	3.8871e+02	1.3290e+02	1.3155e+02	2.6038e+02	2.5314e+02	3.2036e+02	2.1173e+02	
