year	EXP	EXP	EXP	EXP	EXP	EXP	EXP	EXP	EXP	EXP	
	PgCarbonPerYr	PgCarbonPerYr	PgCarbonPerYr	gCarbonPerYr	PgCarbonPerYr	PgCarbonPerYr	PgCarbonPerYr	PgCarbonPerYr	PgCarbonPerYr	PgCarbonPerYr	
	total	Arctic	N_Atl	N_Pac	Equ_N	Equ	Equ_S	SO_Atl	SO_Pac	SO_Ind	
1755	6.3124e+00	6.0502e-02	1.2416e-01	7.8363e+05	7.8390e-01	2.5169e+00	1.8136e+00	1.0128e-01	2.1290e-01	1.4241e-01	
1754	6.2338e+00	5.7488e-02	1.2865e-01	7.8981e+05	7.8046e-01	2.5337e+00	1.7252e+00	9.9615e-02	2.0716e-01	1.4003e-01	
1753	5.8863e+00	5.5782e-02	1.2553e-01	7.8921e+05	7.4758e-01	2.3664e+00	1.6190e+00	9.6214e-02	1.9942e-01	1.3554e-01	
1752	5.5300e+00	5.4514e-02	1.2635e-01	7.8782e+05	6.9859e-01	2.1804e+00	1.5194e+00	8.9500e-02	1.8633e-01	1.2823e-01	
1756	6.4310e+00	5.9862e-02	1.2163e-01	7.8457e+05	7.9160e-01	2.5447e+00	1.8957e+00	1.0277e-01	2.1677e-01	1.4408e-01	
1757	6.6676e+00	6.1239e-02	1.1689e-01	7.9150e+05	8.8192e-01	2.6710e+00	1.9110e+00	1.0403e-01	2.1917e-01	1.4534e-01	
1758	6.6940e+00	6.3875e-02	1.1472e-01	7.9034e+05	8.8114e-01	2.6705e+00	1.9362e+00	1.0495e-01	2.2095e-01	1.4676e-01	
1759	6.6359e+00	6.3376e-02	1.0730e-01	7.8912e+05	8.6106e-01	2.6386e+00	1.9380e+00	1.0566e-01	2.2194e-01	1.4841e-01	
1760	6.6131e+00	6.4313e-02	1.0631e-01	7.9145e+05	8.4419e-01	2.6319e+00	1.9391e+00	1.0612e-01	2.2240e-01	1.4980e-01	
1761	6.6280e+00	6.5198e-02	1.0589e-01	7.9076e+05	8.4774e-01	2.6249e+00	1.9556e+00	1.0628e-01	2.2277e-01	1.5091e-01	
1762	6.6502e+00	6.5207e-02	1.0464e-01	7.9321e+05	8.6049e-01	2.6115e+00	1.9776e+00	1.0651e-01	2.2350e-01	1.5166e-01	
1763	6.6788e+00	6.6988e-02	1.0384e-01	7.9101e+05	8.6837e-01	2.6086e+00	1.9956e+00	1.0667e-01	2.2392e-01	1.5235e-01	
1764	6.7249e+00	6.8625e-02	1.0640e-01	7.9641e+05	8.8484e-01	2.6103e+00	2.0167e+00	1.0672e-01	2.2366e-01	1.5288e-01	
1765	6.7589e+00	6.7875e-02	1.1276e-01	7.9498e+05	8.9131e-01	2.6234e+00	2.0240e+00	1.0677e-01	2.2354e-01	1.5352e-01	
1766	6.8139e+00	6.8263e-02	1.2104e-01	8.0013e+05	8.9554e-01	2.6501e+00	2.0351e+00	1.0675e-01	2.2350e-01	1.5445e-01	
1767	6.8390e+00	6.9769e-02	1.2596e-01	8.0119e+05	8.9512e-01	2.6568e+00	2.0456e+00	1.0706e-01	2.2376e-01	1.5525e-01	
1768	6.8523e+00	6.9526e-02	1.2736e-01	8.0125e+05	8.9820e-01	2.6511e+00	2.0587e+00	1.0698e-01	2.2447e-01	1.5582e-01	
1769	6.8543e+00	7.0596e-02	1.2758e-01	7.9942e+05	8.9584e-01	2.6358e+00	2.0745e+00	1.0718e-01	2.2549e-01	1.5616e-01	
1770	6.8687e+00	7.0533e-02	1.2757e-01	8.0218e+05	8.9827e-01	2.6315e+00	2.0870e+00	1.0743e-01	2.2569e-01	1.5630e-01	
1771	6.8623e+00	7.1639e-02	1.2774e-01	8.0127e+05	8.9486e-01	2.6218e+00	2.0938e+00	1.0773e-01	2.2555e-01	1.5624e-01	
1772	6.8677e+00	7.1169e-02	1.2826e-01	8.0532e+05	8.9955e-01	2.6143e+00	2.0988e+00	1.0774e-01	2.2521e-01	1.5632e-01	
1773	6.8571e+00	7.2025e-02	1.2844e-01	8.0578e+05	8.9837e-01	2.6065e+00	2.0971e+00	1.0781e-01	2.2455e-01	1.5670e-01	
1774	6.8779e+00	7.2967e-02	1.2867e-01	8.0319e+05	9.0429e-01	2.6045e+00	2.1119e+00	1.0796e-01	2.2400e-01	1.5724e-01	
1775	6.8833e+00	7.2201e-02	1.2900e-01	8.0510e+05	9.0290e-01	2.6033e+00	2.1182e+00	1.0784e-01	2.2439e-01	1.5775e-01	
1776	6.8965e+00	7.2567e-02	1.2969e-01	8.0528e+05	9.0805e-01	2.6019e+00	2.1256e+00	1.0813e-01	2.2509e-01	1.5800e-01	
1777	6.9018e+00	7.3318e-02	1.2984e-01	8.0803e+05	9.0690e-01	2.6008e+00	2.1303e+00	1.0801e-01	2.2588e-01	1.5800e-01	
1778	6.9271e+00	7.3830e-02	1.3010e-01	8.0557e+05	9.1154e-01	2.6031e+00	2.1464e+00	1.0793e-01	2.2597e-01	1.5782e-01	
1779	6.9254e+00	7.3938e-02	1.3042e-01	8.0620e+05	9.1020e-01	2.6074e+00	2.1418e+00	1.0795e-01	2.2583e-01	1.5774e-01	
1780	6.9471e+00	7.4101e-02	1.3106e-01	8.0542e+05	9.1672e-01	2.6125e+00	2.1508e+00	1.0818e-01	2.2491e-01	1.5781e-01	
1781	6.9482e+00	7.4221e-02	1.3133e-01	8.0152e+05	9.1522e-01	2.6152e+00	2.1520e+00	1.0827e-01	2.2468e-01	1.5808e-01	
1783	6.9669e+00	7.4897e-02	1.3201e-01	7.8707e+05	9.1964e-01	2.6202e+00	2.1634e+00	1.0825e-01	2.2447e-01	1.5873e-01	
1788	7.0319e+00	7.6352e-02	1.3484e-01	7.5528e+05	9.3674e-01	2.6355e+00	2.2009e+00	1.0853e-01	2.2370e-01	1.5880e-01	
1787	6.9964e+00	7.5961e-02	1.3421e-01	7.5754e+05	9.2808e-01	2.6289e+00	2.1820e+00	1.0838e-01	2.2395e-01	1.5865e-01	
1782	6.9807e+00	7.4466e-02	1.3159e-01	7.9270e+05	9.2161e-01	2.6164e+00	2.1774e+00	1.0835e-01	2.2427e-01	1.5846e-01	
1789	7.0246e+00	7.6577e-02	1.3528e-01	7.5830e+05	9.3753e-01	2.6370e+00	2.1912e+00	1.0822e-01	2.2332e-01	1.5894e-01	
1786	6.9952e+00	7.5840e-02	1.3366e-01	7.5995e+05	9.2583e-01	2.6265e+00	2.1840e+00	1.0818e-01	2.2449e-01	1.5868e-01	
1784	6.9910e+00	7.5179e-02	1.3282e-01	7.8049e+05	9.2420e-01	2.6244e+00	2.1796e+00	1.0805e-01	2.2476e-01	1.5878e-01	
1785	6.9710e+00	7.5498e-02	1.3331e-01	7.7089e+05	9.2294e-01	2.6268e+00	2.1614e+00	1.0829e-01	2.2467e-01	1.5868e-01	
1790	7.0433e+00	7.6767e-02	1.3555e-01	7.5791e+05	9.4097e-01	2.6397e+00	2.2007e+00	1.0845e-01	2.2335e-01	1.5915e-01	
1794	7.0979e+00	7.7911e-02	1.3796e-01	7.5608e+05	9.5401e-01	2.6581e+00	2.2184e+00	1.0864e-01	2.2385e-01	1.5927e-01	
1792	7.0718e+00	7.7619e-02	1.3672e-01	7.5588e+05	9.4760e-01	2.6463e+00	2.2123e+00	1.0850e-01	2.2405e-01	1.5931e-01	
1793	7.0811e+00	7.7774e-02	1.3746e-01	7.5652e+05	9.4793e-01	2.6524e+00	2.2153e+00	1.0861e-01	2.2391e-01	1.5921e-01	
1791	7.0472e+00	7.7025e-02	1.3613e-01	7.5715e+05	9.4338e-01	2.6411e+00	2.1988e+00	1.0867e-01	2.2348e-01	1.5927e-01	
1795	7.1081e+00	7.8238e-02	1.3921e-01	7.5958e+05	9.5388e-01	2.6581e+00	2.2249e+00	1.0843e-01	2.2344e-01	1.5938e-01	
1799	7.1395e+00	7.9364e-02	1.4227e-01	7.6197e+05	9.6059e-01	2.6664e+00	2.2334e+00	1.0861e-01	2.2312e-01	1.5963e-01	
1796	7.1331e+00	7.8395e-02	1.3895e-01	7.5891e+05	9.5755e-01	2.6638e+00	2.2405e+00	1.0870e-01	2.2339e-01	1.5945e-01	
1801	7.1595e+00	7.9857e-02	1.4545e-01	7.6012e+05	9.6234e-01	2.6752e+00	2.2394e+00	1.0869e-01	2.2297e-01	1.5952e-01	
1800	7.1410e+00	7.9562e-02	1.4354e-01	7.6102e+05	9.6455e-01	2.6699e+00	2.2259e+00	1.0882e-01	2.2305e-01	1.5961e-01	
1798	7.1421e+00	7.8967e-02	1.4209e-01	7.5941e+05	9.6085e-01	2.6665e+00	2.2392e+00	1.0868e-01	2.2321e-01	1.5955e-01	
1797	7.1234e+00	7.8766e-02	1.4057e-01	7.6107e+05	9.5679e-01	2.6674e+00	2.2249e+00	1.0881e-01	2.2322e-01	1.5942e-01	
1810	7.2379e+00	8.1508e-02	1.5426e-01	7.6136e+05	9.7459e-01	2.7041e+00	2.2637e+00	1.0855e-01	2.2169e-01	1.5934e-01	
1813	7.2476e+00	8.2712e-02	1.5554e-01	7.6203e+05	9.7250e-01	2.7126e+00	2.2620e+00	1.0846e-01	2.2147e-01	1.5954e-01	
1812	7.2602e+00	8.1698e-02	1.5520e-01	7.6219e+05	9.7235e-01	2.7105e+00	2.2785e+00	1.0855e-01	2.2148e-01	1.5942e-01	
1811	7.2336e+00	8.1764e-02	1.5471e-01	7.6148e+05	9.6907e-01	2.7089e+00	2.2584e+00	1.0863e-01	2.2171e-01	1.5936e-01	
1814	7.2721e+00	8.2534e-02	1.5603e-01	7.6203e+05	9.7210e-01	2.7136e+00	2.2871e+00	1.0810e-01	2.2157e-01	1.5949e-01	
1819	7.3079e+00	8.3318e-02	1.5820e-01	7.6330e+05	9.7326e-01	2.7336e+00	2.2957e+00	1.0845e-01	2.2097e-01	1.5906e-01	
1815	7.2544e+00	8.2338e-02	1.5649e-01	7.6254e+05	9.7493e-01	2.7147e+00	2.2641e+00	1.0803e-01	2.2172e-01	1.5928e-01	
1820	7.2970e+00	8.3217e-02	1.5866e-01	7.6309e+05	9.7672e-01	2.7356e+00	2.2778e+00	1.0850e-01	2.2096e-01	1.5910e-01	
1843	7.3974e+00	8.5794e-02	1.6555e-01	7.6600e+05	9.8648e-01	2.7857e+00	2.3036e+00	1.0828e-01	2.1672e-01	1.5815e-01	
1842	7.4195e+00	8.5732e-02	1.6517e-01	7.6534e+05	9.8258e-01	2.7855e+00	2.3311e+00	1.0827e-01	2.1683e-01	1.5806e-01	
1816	7.2892e+00	8.2585e-02	1.5680e-01	7.6213e+05	9.7406e-01	2.7205e+00	2.2914e+00	1.0845e-01	2.2162e-01	1.5907e-01	
1817	7.2748e+00	8.2906e-02	1.5733e-01	7.6290e+05	9.7215e-01	2.7240e+00	2.2750e+00	1.0874e-01	2.2135e-01	1.5889e-01	
1818	7.2906e+00	8.2825e-02	1.5746e-01	7.6291e+05	9.7457e-01	2.7265e+00	2.2868e+00	1.0857e-01	2.2091e-01	1.5898e-01	
1831	7.3371e+00	8.4733e-02	1.6256e-01	7.6455e+05	9.7904e-01	2.7544e+00	2.2911e+00	1.0830e-01	2.1820e-01	1.5863e-01	
1835	7.3637e+00	8.5111e-02	1.6368e-01	7.6473e+05	9.7999e-01	2.7726e+00	2.2967e+00	1.0812e-01	2.1719e-01	1.5845e-01	
1834	7.3836e+00	8.5076e-02	1.6328e-01	7.6440e+05	9.8530e-01	2.7692e+00	2.3134e+00	1.0835e-01	2.1745e-01	1.5829e-01	
1836	7.3855e+00	8.5325e-02	1.6379e-01	7.6467e+05	9.8356e-01	2.7690e+00	2.3168e+00	1.0830e-01	2.1722e-01	1.5868e-01	
1828	7.3556e+00	8.4295e-02	1.6139e-01	7.6434e+05	9.7954e-01	2.7553e+00	2.3086e+00	1.0840e-01	2.1813e-01	1.5890e-01	
1832	7.3567e+00	8.4790e-02	1.6259e-01	7.6420e+05	9.8233e-01	2.7564e+00	2.3042e+00	1.0848e-01	2.1795e-01	1.5850e-01	
1830	7.3438e+00	8.4723e-02	1.6224e-01	7.6402e+05	9.8089e-01	2.7533e+00	2.2963e+00	1.0827e-01	2.1835e-01	1.5865e-01	
1821	7.2927e+00	8.3579e-02	1.5915e-01	7.6277e+05	9.7331e-01	2.7358e+00	2.2764e+00	1.0850e-01	2.2063e-01	1.5902e-01	
1839	7.3565e+00	8.5516e-02	1.6448e-01	7.6667e+05	9.7973e-01	2.7680e+00	2.2908e+00	1.0819e-01	2.1758e-01	1.5814e-01	
1838	7.3724e+00	8.5502e-02	1.6424e-01	7.6389e+05	9.8264e-01	2.7670e+00	2.3057e+00	1.0816e-01	2.1757e-01	1.5835e-01	
1824	7.3192e+00	8.3942e-02	1.6024e-01	7.6334e+05	9.7870e-01	2.7423e+00	2.2895e+00	1.0848e-01	2.1935e-01	1.5877e-01	
1826	7.3477e+00	8.4067e-02	1.6069e-01	7.6412e+05	9.7805e-01	2.7502e+00	2.3108e+00	1.0848e-01	2.1838e-01	1.5866e-01	
1823	7.2990e+00	8.3836e-02	1.5999e-01	7.6356e+05	9.7401e-01	2.7384e+00	2.2787e+00	1.0851e-01	2.2013e-01	1.5892e-01	
1837	7.3658e+00	8.5378e-02	1.6405e-01	7.6551e+05	9.7992e-01	2.7659e+00	2.3026e+00	1.0835e-01	2.1729e-01	1.5860e-01	
1841	7.3839e+00	8.5923e-02	1.6479e-01	7.6657e+05	9.8214e-01	2.7772e+00	2.3035e+00	1.0824e-01	2.1700e-01	1.5807e-01	
1822	7.3173e+00	8.3518e-02	1.5956e-01	7.6341e+05	9.7770e-01	2.7377e+00	2.2945e+00	1.0849e-01	2.2057e-01	1.5904e-01	
1827	7.3315e+00	8.4243e-02	1.6117e-01	7.6319e+05	9.7729e-01	2.7547e+00	2.2906e+00	1.0855e-01	2.1807e-01	1.5880e-01	
1804	7.1773e+00	8.0512e-02	1.5010e-01	7.6044e+05	9.6706e-01	2.6880e+00	2.2329e+00	1.0867e-01	2.2250e-01	1.5955e-01	
1807	7.1953e+00	8.1223e-02	1.5236e-01	7.6041e+05	9.6589e-01	2.6901e+00	2.2471e+00	1.0865e-01	2.2225e-01	1.5961e-01	
1802	7.1604e+00	7.9880e-02	1.4525e-01	7.6130e+05	9.6608e-01	2.6796e+00	2.2329e+00	1.0848e-01	2.2271e-01	1.5947e-01	
1829	7.3333e+00	8.4664e-02	1.6187e-01	7.6391e+05	9.7734e-01	2.7537e+00	2.2903e+00	1.0808e-01	2.1817e-01	1.5879e-01	
1840	7.3905e+00	8.5460e-02	1.6465e-01	7.6384e+05	9.8423e-01	2.7729e+00	2.3164e+00	1.0829e-01	2.1726e-01	1.5808e-01	
1833	7.3486e+00	8.4984e-02	1.6292e-01	7.6552e+05	9.7859e-01	2.7604e+00	2.2947e+00	1.0855e-01	2.1767e-01	1.5833e-01	
1805	7.2035e+00	8.0727e-02	1.5135e-01	7.6179e+05	9.7004e-01	2.6909e+00	2.2513e+00	1.0863e-01	2.2235e-01	1.5960e-01	
1803	7.1797e+00	8.0444e-02	1.4736e-01	7.6084e+05	9.6601e-01	2.6838e+00	2.2441e+00	1.0873e-01	2.2257e-01	1.5955e-01	
1809	7.2129e+00	8.1400e-02	1.5334e-01	7.6121e+05	9.6719e-01	2.6989e+00	2.2514e+00	1.0858e-01	2.2219e-01	1.5941e-01	
1806	7.1946e+00	8.0971e-02	1.5228e-01	7.6159e+05	9.6977e-01	2.6919e+00	2.2406e+00	1.0866e-01	2.2222e-01	1.5967e-01	
1808	7.2243e+00	8.1366e-02	1.5317e-01	7.6144e+05	9.7315e-01	2.6946e+00	2.2613e+00	1.0880e-01	2.2232e-01	1.5952e-01	
1825	7.3109e+00	8.4100e-02	1.6057e-01	7.6361e+05	9.7726e-01	2.7448e+00	2.2797e+00	1.0842e-01	2.1880e-01	1.5860e-01	
1844	7.4140e+00	8.5944e-02	1.6576e-01	7.6440e+05	9.8226e-01	2.7849e+00	2.3265e+00	1.0826e-01	2.1688e-01	1.5832e-01	
1845	7.3947e+00	8.5919e-02	1.6594e-01	7.6558e+05	9.8324e-01	2.7837e+00	2.3070e+00	1.0796e-01	2.1693e-01	1.5821e-01	
1846	7.4045e+00	8.5989e-02	1.6592e-01	7.6458e+05	9.8495e-01	2.7840e+00	2.3139e+00	1.0806e-01	2.1709e-01	1.5786e-01	
1847	7.3897e+00	8.6272e-02	1.6630e-01	7.6561e+05	9.8198e-01	2.7869e+00	2.2985e+00	1.0829e-01	2.1705e-01	1.5757e-01	
1848	7.4196e+00	8.6024e-02	1.6656e-01	7.6561e+05	9.8607e-01	2.7902e+00	2.3216e+00	1.0819e-01	2.1665e-01	1.5770e-01	
1849	7.4043e+00	8.6398e-02	1.6681e-01	7.6472e+05	9.8190e-01	2.7945e+00	2.3063e+00	1.0786e-01	2.1638e-01	1.5794e-01	
1850	7.4351e+00	8.6234e-02	1.6687e-01	7.6524e+05	9.8596e-01	2.7987e+00	2.3260e+00	1.0790e-01	2.1647e-01	1.5795e-01	
1851	7.4269e+00	8.6367e-02	1.6720e-01	7.6437e+05	9.8135e-01	2.7973e+00	2.3241e+00	1.0832e-01	2.1657e-01	1.5780e-01	
1852	7.4321e+00	8.6380e-02	1.6741e-01	7.6626e+05	9.9042e-01	2.7966e+00	2.3205e+00	1.0798e-01	2.1690e-01	1.5766e-01	
1853	7.4349e+00	8.6607e-02	1.6760e-01	7.6448e+05	9.8451e-01	2.7960e+00	2.3304e+00	1.0789e-01	2.1686e-01	1.5762e-01	
1854	7.4340e+00	8.6586e-02	1.6744e-01	7.6651e+05	9.8712e-01	2.7975e+00	2.3232e+00	1.0809e-01	2.1678e-01	1.5745e-01	
1855	7.4212e+00	8.6783e-02	1.6799e-01	7.6415e+05	9.8629e-01	2.8002e+00	2.3090e+00	1.0820e-01	2.1643e-01	1.5724e-01	
1856	7.4586e+00	8.6742e-02	1.6801e-01	7.6606e+05	9.8676e-01	2.8056e+00	2.3391e+00	1.0806e-01	2.1629e-01	1.5731e-01	
1857	7.4281e+00	8.7067e-02	1.6856e-01	7.6524e+05	9.8584e-01	2.8076e+00	2.3079e+00	1.0783e-01	2.1618e-01	1.5758e-01	
1858	7.4628e+00	8.6978e-02	1.6826e-01	7.6476e+05	9.8728e-01	2.8111e+00	2.3379e+00	1.0802e-01	2.1630e-01	1.5753e-01	
1859	7.4436e+00	8.7024e-02	1.6876e-01	7.6523e+05	9.8611e-01	2.8113e+00	2.3173e+00	1.0810e-01	2.1648e-01	1.5723e-01	
1860	7.4539e+00	8.7035e-02	1.6832e-01	7.6496e+05	9.8639e-01	2.8057e+00	2.3337e+00	1.0806e-01	2.1641e-01	1.5701e-01	
1861	7.4294e+00	8.7220e-02	1.6932e-01	7.6441e+05	9.8536e-01	2.8063e+00	2.3102e+00	1.0766e-01	2.1619e-01	1.5714e-01	
1862	7.4491e+00	8.7559e-02	1.6878e-01	7.6443e+05	9.8794e-01	2.8041e+00	2.3290e+00	1.0797e-01	2.1593e-01	1.5718e-01	
1863	7.4544e+00	8.7339e-02	1.6954e-01	7.6549e+05	9.8577e-01	2.8065e+00	2.3314e+00	1.0815e-01	2.1593e-01	1.5702e-01	
1864	7.4454e+00	8.7391e-02	1.6906e-01	7.6382e+05	9.8773e-01	2.8088e+00	2.3201e+00	1.0769e-01	2.1592e-01	1.5688e-01	
1865	7.4613e+00	8.7543e-02	1.7002e-01	7.6554e+05	9.8618e-01	2.8143e+00	2.3297e+00	1.0753e-01	2.1601e-01	1.5697e-01	
1866	7.4582e+00	8.7397e-02	1.6950e-01	7.6425e+05	9.8724e-01	2.8136e+00	2.3280e+00	1.0786e-01	2.1593e-01	1.5706e-01	
1867	7.4694e+00	8.7601e-02	1.7053e-01	7.6552e+05	9.8475e-01	2.8137e+00	2.3396e+00	1.0815e-01	2.1595e-01	1.5680e-01	
1868	7.4661e+00	8.7852e-02	1.6977e-01	7.6255e+05	9.8954e-01	2.8107e+00	2.3343e+00	1.0807e-01	2.1588e-01	1.5645e-01	
1869	7.4600e+00	8.7648e-02	1.7068e-01	7.6497e+05	9.8474e-01	2.8137e+00	2.3290e+00	1.0791e-01	2.1573e-01	1.5646e-01	
1870	7.4622e+00	8.7888e-02	1.7014e-01	7.6315e+05	9.8709e-01	2.8198e+00	2.3243e+00	1.0786e-01	2.1542e-01	1.5671e-01	
1871	7.4809e+00	8.7842e-02	1.7122e-01	7.6487e+05	9.8588e-01	2.8261e+00	2.3361e+00	1.0802e-01	2.1543e-01	1.5671e-01	
1872	7.4896e+00	8.8035e-02	1.7052e-01	7.6278e+05	9.8723e-01	2.8298e+00	2.3373e+00	1.0794e-01	2.1556e-01	1.5643e-01	
1873	7.4852e+00	8.8000e-02	1.7146e-01	7.6436e+05	9.8559e-01	2.8294e+00	2.3346e+00	1.0760e-01	2.1573e-01	1.5620e-01	
1874	7.4725e+00	8.8060e-02	1.7096e-01	7.6248e+05	9.8677e-01	2.8269e+00	2.3249e+00	1.0771e-01	2.1563e-01	1.5641e-01	
1875	7.4943e+00	8.8245e-02	1.7191e-01	7.6419e+05	9.8585e-01	2.8262e+00	2.3471e+00	1.0795e-01	2.1551e-01	1.5638e-01	
1876	7.4749e+00	8.8283e-02	1.7133e-01	7.6267e+05	9.8628e-01	2.8271e+00	2.3261e+00	1.0800e-01	2.1557e-01	1.5614e-01	
1877	7.4832e+00	8.8212e-02	1.7218e-01	7.6401e+05	9.8472e-01	2.8249e+00	2.3381e+00	1.0785e-01	2.1535e-01	1.5586e-01	
1878	7.4979e+00	8.8406e-02	1.7157e-01	7.6303e+05	9.8777e-01	2.8296e+00	2.3448e+00	1.0752e-01	2.1512e-01	1.5602e-01	
1879	7.5056e+00	8.8443e-02	1.7261e-01	7.6297e+05	9.8510e-01	2.8367e+00	2.3481e+00	1.0774e-01	2.1490e-01	1.5627e-01	
1880	7.5006e+00	8.8695e-02	1.7203e-01	7.6289e+05	9.8811e-01	2.8362e+00	2.3405e+00	1.0788e-01	2.1510e-01	1.5614e-01	
1881	7.4898e+00	8.8609e-02	1.7295e-01	7.6261e+05	9.8464e-01	2.8308e+00	2.3372e+00	1.0763e-01	2.1539e-01	1.5573e-01	
1882	7.4974e+00	8.8641e-02	1.7229e-01	7.6221e+05	9.8563e-01	2.8324e+00	2.3430e+00	1.0787e-01	2.1546e-01	1.5557e-01	
1883	7.4885e+00	8.8629e-02	1.7318e-01	7.6275e+05	9.8550e-01	2.8302e+00	2.3365e+00	1.0779e-01	2.1492e-01	1.5570e-01	
1884	7.4797e+00	8.8720e-02	1.7271e-01	7.6229e+05	9.8577e-01	2.8290e+00	2.3297e+00	1.0764e-01	2.1479e-01	1.5558e-01	
1885	7.4792e+00	8.9011e-02	1.7381e-01	7.6254e+05	9.8451e-01	2.8339e+00	2.3228e+00	1.0784e-01	2.1469e-01	1.5545e-01	
1886	7.5150e+00	8.8924e-02	1.7299e-01	7.6235e+05	9.8670e-01	2.8410e+00	2.3500e+00	1.0784e-01	2.1458e-01	1.5532e-01	
1887	7.5145e+00	8.9170e-02	1.7405e-01	7.6238e+05	9.8426e-01	2.8400e+00	2.3516e+00	1.0764e-01	2.1454e-01	1.5549e-01	
1888	7.5052e+00	8.9119e-02	1.7344e-01	7.6180e+05	9.8521e-01	2.8395e+00	2.3436e+00	1.0752e-01	2.1475e-01	1.5545e-01	
1889	7.4975e+00	8.9239e-02	1.7460e-01	7.6133e+05	9.8482e-01	2.8390e+00	2.3355e+00	1.0780e-01	2.1499e-01	1.5514e-01	
1890	7.5074e+00	8.9323e-02	1.7397e-01	7.6169e+05	9.8435e-01	2.8378e+00	2.3459e+00	1.0781e-01	2.1507e-01	1.5472e-01	
1908	7.5129e+00	9.0102e-02	1.7823e-01	7.5998e+05	9.8110e-01	2.8511e+00	2.3382e+00	1.0729e-01	2.1435e-01	1.5322e-01	
1891	7.5059e+00	8.9484e-02	1.7498e-01	7.6159e+05	9.8393e-01	2.8348e+00	2.3492e+00	1.0752e-01	2.1459e-01	1.5476e-01	
1907	7.5120e+00	9.0329e-02	1.7917e-01	7.6032e+05	9.8198e-01	2.8458e+00	2.3417e+00	1.0765e-01	2.1440e-01	1.5346e-01	
1906	7.5155e+00	9.0191e-02	1.7770e-01	7.6064e+05	9.8274e-01	2.8433e+00	2.3478e+00	1.0789e-01	2.1431e-01	1.5359e-01	
1903	7.5123e+00	9.0159e-02	1.7820e-01	7.6013e+05	9.8045e-01	2.8496e+00	2.3413e+00	1.0732e-01	2.1430e-01	1.5365e-01	
1904	7.5045e+00	9.0142e-02	1.7727e-01	7.6021e+05	9.8323e-01	2.8453e+00	2.3336e+00	1.0748e-01	2.1448e-01	1.5347e-01	
1905	7.5110e+00	9.0296e-02	1.7835e-01	7.6032e+05	9.8026e-01	2.8426e+00	2.3461e+00	1.0776e-01	2.1428e-01	1.5363e-01	
1902	7.5185e+00	9.0021e-02	1.7699e-01	7.6036e+05	9.8373e-01	2.8493e+00	2.3443e+00	1.0740e-01	2.1412e-01	1.5400e-01	
1898	7.5059e+00	8.9854e-02	1.7611e-01	7.6073e+05	9.8524e-01	2.8358e+00	2.3456e+00	1.0752e-01	2.1461e-01	1.5423e-01	
1899	7.5131e+00	9.0056e-02	1.7724e-01	7.6029e+05	9.8168e-01	2.8422e+00	2.3473e+00	1.0775e-01	2.1437e-01	1.5387e-01	
1900	7.5149e+00	8.9899e-02	1.7641e-01	7.6079e+05	9.8438e-01	2.8488e+00	2.3404e+00	1.0786e-01	2.1403e-01	1.5401e-01	
1901	7.5051e+00	9.0185e-02	1.7765e-01	7.6023e+05	9.8065e-01	2.8479e+00	2.3350e+00	1.0760e-01	2.1390e-01	1.5418e-01	
1897	7.5084e+00	8.9759e-02	1.7672e-01	7.6041e+05	9.8233e-01	2.8400e+00	2.3469e+00	1.0760e-01	2.1459e-01	1.5451e-01	
1896	7.5062e+00	8.9689e-02	1.7548e-01	7.6068e+05	9.8375e-01	2.8411e+00	2.3413e+00	1.0784e-01	2.1450e-01	1.5456e-01	
1895	7.4980e+00	8.9647e-02	1.7612e-01	7.6074e+05	9.8332e-01	2.8430e+00	2.3312e+00	1.0740e-01	2.1454e-01	1.5440e-01	
1892	7.5047e+00	8.9482e-02	1.7436e-01	7.6218e+05	9.8466e-01	2.8353e+00	2.3459e+00	1.0785e-01	2.1416e-01	1.5505e-01	
1893	7.5176e+00	8.9667e-02	1.7569e-01	7.6076e+05	9.8393e-01	2.8434e+00	2.3515e+00	1.0778e-01	2.1421e-01	1.5499e-01	
1894	7.5114e+00	8.9447e-02	1.7514e-01	7.6160e+05	9.8499e-01	2.8485e+00	2.3387e+00	1.0741e-01	2.1437e-01	1.5468e-01	
1909	7.5230e+00	9.0341e-02	1.7935e-01	7.6090e+05	9.8003e-01	2.8538e+00	2.3452e+00	1.0745e-01	2.1416e-01	1.5320e-01	
1910	7.5121e+00	9.0498e-02	1.7864e-01	7.5984e+05	9.8335e-01	2.8528e+00	2.3314e+00	1.0770e-01	2.1399e-01	1.5322e-01	
1911	7.5098e+00	9.0522e-02	1.8005e-01	7.6010e+05	9.7897e-01	2.8490e+00	2.3388e+00	1.0724e-01	2.1411e-01	1.5309e-01	
1912	7.5126e+00	9.0475e-02	1.7928e-01	7.5924e+05	9.8257e-01	2.8491e+00	2.3385e+00	1.0725e-01	2.1407e-01	1.5276e-01	
1913	7.4956e+00	9.0445e-02	1.8034e-01	7.5754e+05	9.7815e-01	2.8457e+00	2.3272e+00	1.0785e-01	2.1372e-01	1.5264e-01	
1914	7.5159e+00	9.0339e-02	1.7942e-01	7.5678e+05	9.7957e-01	2.8498e+00	2.3431e+00	1.0772e-01	2.1343e-01	1.5287e-01	
1915	7.5102e+00	9.0333e-02	1.8073e-01	7.5379e+05	9.7889e-01	2.8517e+00	2.3364e+00	1.0756e-01	2.1341e-01	1.5280e-01	
1916	7.5166e+00	9.0555e-02	1.7992e-01	7.5440e+05	9.7868e-01	2.8550e+00	2.3411e+00	1.0762e-01	2.1356e-01	1.5248e-01	
1917	7.5144e+00	9.0649e-02	1.8123e-01	7.5288e+05	9.7712e-01	2.8556e+00	2.3398e+00	1.0731e-01	2.1367e-01	1.5223e-01	
1918	7.5179e+00	9.0781e-02	1.8032e-01	7.5341e+05	9.8074e-01	2.8507e+00	2.3422e+00	1.0760e-01	2.1355e-01	1.5243e-01	
1919	7.5143e+00	9.0959e-02	1.8156e-01	7.5348e+05	9.7671e-01	2.8455e+00	2.3471e+00	1.0772e-01	2.1366e-01	1.5250e-01	
1920	7.5058e+00	9.0729e-02	1.8064e-01	7.5293e+05	9.7995e-01	2.8448e+00	2.3384e+00	1.0748e-01	2.1364e-01	1.5220e-01	
1921	7.5179e+00	9.0933e-02	1.8191e-01	7.5314e+05	9.7764e-01	2.8476e+00	2.3500e+00	1.0761e-01	2.1346e-01	1.5182e-01	
1922	7.5080e+00	9.0705e-02	1.8110e-01	7.5258e+05	9.7799e-01	2.8503e+00	2.3381e+00	1.0774e-01	2.1307e-01	1.5183e-01	
1923	7.5096e+00	9.0991e-02	1.8239e-01	7.5250e+05	9.7627e-01	2.8527e+00	2.3348e+00	1.0743e-01	2.1310e-01	1.5200e-01	
1924	7.5037e+00	9.0662e-02	1.8143e-01	7.5228e+05	9.7827e-01	2.8539e+00	2.3277e+00	1.0756e-01	2.1329e-01	1.5182e-01	
1925	7.5045e+00	9.0851e-02	1.8270e-01	7.5200e+05	9.7478e-01	2.8540e+00	2.3309e+00	1.0756e-01	2.1361e-01	1.5146e-01	
1926	7.5091e+00	9.0760e-02	1.8181e-01	7.5200e+05	9.7770e-01	2.8503e+00	2.3388e+00	1.0747e-01	2.1336e-01	1.5121e-01	
1927	7.4996e+00	9.1073e-02	1.8310e-01	7.5182e+05	9.7467e-01	2.8486e+00	2.3336e+00	1.0719e-01	2.1308e-01	1.5141e-01	
1928	7.5045e+00	9.0997e-02	1.8216e-01	7.5151e+05	9.7577e-01	2.8500e+00	2.3332e+00	1.0756e-01	2.1294e-01	1.5150e-01	
1929	7.5100e+00	9.1107e-02	1.8326e-01	7.5117e+05	9.7463e-01	2.8525e+00	2.3378e+00	1.0777e-01	2.1309e-01	1.5132e-01	
1930	7.4950e+00	9.0946e-02	1.8229e-01	7.5072e+05	9.7466e-01	2.8549e+00	2.3224e+00	1.0739e-01	2.1306e-01	1.5088e-01	
1931	7.4969e+00	9.1204e-02	1.8364e-01	7.5080e+05	9.7298e-01	2.8522e+00	2.3284e+00	1.0766e-01	2.1290e-01	1.5056e-01	
1932	7.4935e+00	9.1055e-02	1.8278e-01	7.5052e+05	9.7541e-01	2.8514e+00	2.3237e+00	1.0763e-01	2.1285e-01	1.5075e-01	
1933	7.5094e+00	9.1066e-02	1.8421e-01	7.5021e+05	9.7274e-01	2.8491e+00	2.3415e+00	1.0740e-01	2.1304e-01	1.5082e-01	
1934	7.4938e+00	9.1012e-02	1.8311e-01	7.5004e+05	9.7433e-01	2.8451e+00	2.3302e+00	1.0763e-01	2.1318e-01	1.5053e-01	
1935	7.5006e+00	9.1248e-02	1.8440e-01	7.4971e+05	9.7177e-01	2.8435e+00	2.3407e+00	1.0777e-01	2.1280e-01	1.5005e-01	
1937	7.4920e+00	9.1385e-02	1.8482e-01	7.4923e+05	9.7160e-01	2.8481e+00	2.3284e+00	1.0771e-01	2.1254e-01	1.5031e-01	
1936	7.4895e+00	9.1227e-02	1.8347e-01	7.4946e+05	9.7240e-01	2.8471e+00	2.3283e+00	1.0739e-01	2.1259e-01	1.5010e-01	
1938	7.4880e+00	9.1345e-02	1.8384e-01	7.4898e+05	9.7109e-01	2.8509e+00	2.3198e+00	1.0750e-01	2.1292e-01	1.5022e-01	
1939	7.4938e+00	9.1570e-02	1.8513e-01	7.4875e+05	9.6933e-01	2.8515e+00	2.3274e+00	1.0728e-01	2.1314e-01	1.4993e-01	
1940	7.4975e+00	9.1179e-02	1.8523e-01	7.4868e+05	9.7143e-01	2.8482e+00	2.3325e+00	1.0744e-01	2.1303e-01	1.4967e-01	
1941	7.4917e+00	9.1864e-02	1.8426e-01	7.4844e+05	9.6850e-01	2.8450e+00	2.3342e+00	1.0772e-01	2.1313e-01	1.4983e-01	
1942	7.4829e+00	9.1354e-02	1.8489e-01	7.4789e+05	9.7034e-01	2.8469e+00	2.3221e+00	1.0748e-01	2.1308e-01	1.4989e-01	
1943	7.4974e+00	9.1561e-02	1.8557e-01	7.4797e+05	9.6802e-01	2.8484e+00	2.3342e+00	1.0780e-01	2.1313e-01	1.4970e-01	
1944	7.4897e+00	9.1276e-02	1.8436e-01	7.4768e+05	9.6928e-01	2.8512e+00	2.3251e+00	1.0774e-01	2.1299e-01	1.4939e-01	
1945	7.4875e+00	9.1998e-02	1.8547e-01	7.4768e+05	9.6797e-01	2.8522e+00	2.3220e+00	1.0729e-01	2.1294e-01	1.4912e-01	
1946	7.4905e+00	9.1153e-02	1.8609e-01	7.4735e+05	9.6810e-01	2.8546e+00	2.3235e+00	1.0755e-01	2.1292e-01	1.4927e-01	
1947	7.4923e+00	9.2090e-02	1.8497e-01	7.4714e+05	9.6567e-01	2.8488e+00	2.3335e+00	1.0771e-01	2.1336e-01	1.4949e-01	
1948	7.4914e+00	9.1554e-02	1.8593e-01	7.4723e+05	9.6909e-01	2.8449e+00	2.3305e+00	1.0734e-01	2.1337e-01	1.4942e-01	
1949	7.4901e+00	9.2000e-02	1.8647e-01	7.4695e+05	9.6523e-01	2.8425e+00	2.3364e+00	1.0766e-01	2.1303e-01	1.4901e-01	
1950	7.4765e+00	9.1568e-02	1.8521e-01	7.4661e+05	9.6707e-01	2.8428e+00	2.3226e+00	1.0775e-01	2.1296e-01	1.4884e-01	
1951	7.4982e+00	8.7709e-02	1.8358e-01	7.3343e+05	9.5592e-01	2.8375e+00	2.3598e+00	1.0627e-01	2.2337e-01	1.5001e-01	
1952	7.4724e+00	8.4441e-02	1.7437e-01	7.1989e+05	9.5669e-01	2.8733e+00	2.3257e+00	1.0525e-01	2.2350e-01	1.4784e-01	
1953	7.4567e+00	8.5919e-02	1.7539e-01	7.1217e+05	9.6788e-01	2.8722e+00	2.3114e+00	1.0508e-01	2.1638e-01	1.3683e-01	
1954	7.4555e+00	8.5408e-02	1.7838e-01	7.3041e+05	9.6543e-01	2.8953e+00	2.2834e+00	1.0454e-01	2.1819e-01	1.3315e-01	
1955	7.5889e+00	9.0165e-02	1.7807e-01	7.2264e+05	9.8737e-01	2.9543e+00	2.3255e+00	1.0560e-01	2.1187e-01	1.3204e-01	
1956	7.6496e+00	8.7106e-02	1.8086e-01	7.4071e+05	9.9086e-01	2.9660e+00	2.3437e+00	1.0862e-01	2.1107e-01	1.4579e-01	
1957	7.5673e+00	8.7400e-02	1.7494e-01	7.0038e+05	9.8052e-01	2.8670e+00	2.3733e+00	1.0388e-01	2.2483e-01	1.4904e-01	
1958	7.4406e+00	8.4051e-02	1.7677e-01	7.1208e+05	9.9496e-01	2.7861e+00	2.3217e+00	1.0544e-01	2.2463e-01	1.4698e-01	
1959	7.5521e+00	8.1547e-02	1.7456e-01	7.6876e+05	1.0016e+00	2.8604e+00	2.3129e+00	1.0447e-01	2.2580e-01	1.4173e-01	
1960	7.6133e+00	8.6972e-02	1.8061e-01	7.2965e+05	1.0213e+00	2.9096e+00	2.3014e+00	1.0597e-01	2.2254e-01	1.4426e-01	
1961	7.5936e+00	8.5129e-02	1.8481e-01	7.3159e+05	9.8365e-01	2.9226e+00	2.3144e+00	1.0462e-01	2.3072e-01	1.4680e-01	
1962	7.6297e+00	8.6090e-02	1.7769e-01	7.3450e+05	1.0062e+00	2.9481e+00	2.3074e+00	1.0594e-01	2.2186e-01	1.3982e-01	
1963	7.4874e+00	7.9604e-02	1.8459e-01	7.1616e+05	9.9708e-01	2.8482e+00	2.2813e+00	1.0483e-01	2.2692e-01	1.3559e-01	
1964	7.4777e+00	7.8241e-02	1.7787e-01	7.1733e+05	9.9757e-01	2.8684e+00	2.2725e+00	1.0642e-01	2.1442e-01	1.4040e-01	
1965	7.5288e+00	7.8725e-02	1.8108e-01	7.3038e+05	1.0264e+00	2.8256e+00	2.3000e+00	1.0552e-01	2.2569e-01	1.3755e-01	
1966	7.4653e+00	8.3859e-02	1.8828e-01	7.2895e+05	9.8992e-01	2.8407e+00	2.3031e+00	1.0483e-01	2.1385e-01	1.3320e-01	
1967	7.6065e+00	8.1347e-02	1.7999e-01	7.4395e+05	1.0117e+00	2.9410e+00	2.3090e+00	1.0764e-01	2.1815e-01	1.3395e-01	
1968	7.5596e+00	8.2358e-02	1.7211e-01	7.1158e+05	9.7160e-01	2.9120e+00	2.3300e+00	1.0795e-01	2.1999e-01	1.3789e-01	
1969	7.4951e+00	7.9900e-02	1.8289e-01	7.0990e+05	9.8421e-01	2.8646e+00	2.2854e+00	1.0531e-01	2.2475e-01	1.4215e-01	
1971	7.5991e+00	8.3182e-02	1.5268e-01	7.1280e+05	1.0129e+00	2.9813e+00	2.2890e+00	1.0828e-01	2.1640e-01	1.3582e-01	
1970	7.5055e+00	8.6449e-02	1.6361e-01	6.8733e+05	9.8419e-01	2.9165e+00	2.2785e+00	1.0734e-01	2.1865e-01	1.4030e-01	
1972	7.4705e+00	7.8042e-02	1.5178e-01	7.0773e+05	9.9416e-01	2.8554e+00	2.2926e+00	1.0929e-01	2.2372e-01	1.4390e-01	
1973	7.4520e+00	8.9767e-02	1.7855e-01	6.6412e+05	1.0170e+00	2.8647e+00	2.2350e+00	1.0858e-01	2.1966e-01	1.4024e-01	
1974	7.6201e+00	8.4069e-02	1.6187e-01	7.0065e+05	1.0078e+00	3.0077e+00	2.2944e+00	1.0939e-01	2.0818e-01	1.3627e-01	
1975	7.6347e+00	8.3360e-02	1.8050e-01	6.9979e+05	1.0030e+00	3.0259e+00	2.2704e+00	1.0657e-01	2.1790e-01	1.4156e-01	
1976	7.6685e+00	8.3762e-02	1.7084e-01	7.1318e+05	1.0218e+00	2.9854e+00	2.3282e+00	1.0635e-01	2.1384e-01	1.3985e-01	
1977	7.5720e+00	8.1908e-02	1.7741e-01	6.9503e+05	1.0048e+00	2.9411e+00	2.2982e+00	1.0467e-01	2.2428e-01	1.3827e-01	
1978	7.5973e+00	8.1102e-02	1.8741e-01	7.2931e+05	9.9775e-01	2.9585e+00	2.2905e+00	1.0345e-01	2.1363e-01	1.4259e-01	
1979	7.6036e+00	8.2985e-02	1.8771e-01	7.2459e+05	1.0182e+00	2.9341e+00	2.3012e+00	1.0458e-01	2.1331e-01	1.4766e-01	
1980	7.6026e+00	8.2749e-02	1.6725e-01	7.2748e+05	1.0123e+00	2.8940e+00	2.3122e+00	1.0280e-01	2.4268e-01	1.4487e-01	
1981	7.6245e+00	8.5120e-02	1.8089e-01	7.1707e+05	9.9699e-01	2.9504e+00	2.2953e+00	1.0729e-01	2.3311e-01	1.5244e-01	
1982	7.5851e+00	8.0282e-02	1.8444e-01	7.4884e+05	1.0147e+00	2.8731e+00	2.3075e+00	1.1068e-01	2.3362e-01	1.4494e-01	
1983	7.2898e+00	8.0180e-02	1.6088e-01	7.0863e+05	9.8485e-01	2.7193e+00	2.2528e+00	1.1149e-01	2.2719e-01	1.5306e-01	
1984	7.5916e+00	8.5938e-02	1.4538e-01	7.2935e+05	9.8606e-01	2.9748e+00	2.2824e+00	1.0911e-01	2.2502e-01	1.4924e-01	
1985	7.6570e+00	8.8211e-02	1.6054e-01	7.2262e+05	1.0332e+00	2.9917e+00	2.2629e+00	1.0563e-01	2.2379e-01	1.4469e-01	
1986	7.6616e+00	8.3488e-02	2.0549e-01	7.2102e+05	1.0218e+00	2.9506e+00	2.2806e+00	1.0940e-01	2.2189e-01	1.4011e-01	
1987	7.5374e+00	7.9422e-02	1.9750e-01	7.0279e+05	1.0269e+00	2.8572e+00	2.2768e+00	1.0402e-01	2.2573e-01	1.4143e-01	
1988	7.6457e+00	8.7209e-02	1.8862e-01	7.4727e+05	1.0385e+00	2.9500e+00	2.2643e+00	1.0822e-01	2.1851e-01	1.4562e-01	
1989	7.6826e+00	8.6463e-02	1.8300e-01	7.3742e+05	9.9518e-01	3.0493e+00	2.2710e+00	1.1262e-01	2.1630e-01	1.4023e-01	
1990	7.5391e+00	8.8748e-02	1.6564e-01	7.0521e+05	9.9282e-01	2.9542e+00	2.2762e+00	1.0758e-01	2.1571e-01	1.3682e-01	
1991	7.4872e+00	8.6572e-02	1.5520e-01	7.1437e+05	1.0032e+00	2.8923e+00	2.2396e+00	1.0540e-01	2.2953e-01	1.5119e-01	
1992	7.3348e+00	8.6111e-02	1.8574e-01	6.6998e+05	9.6095e-01	2.8036e+00	2.2244e+00	1.0632e-01	2.2829e-01	1.4698e-01	
1993	7.4051e+00	8.6576e-02	1.6142e-01	7.1660e+05	9.6718e-01	2.8314e+00	2.2781e+00	1.0922e-01	2.2045e-01	1.3569e-01	
1994	7.4843e+00	8.5123e-02	1.8208e-01	6.9403e+05	9.9553e-01	2.8656e+00	2.2830e+00	1.0788e-01	2.1375e-01	1.3740e-01	
1995	7.4392e+00	8.7210e-02	1.8059e-01	7.1980e+05	9.6560e-01	2.8619e+00	2.2700e+00	1.0993e-01	2.1620e-01	1.3948e-01	
1997	7.5892e+00	8.2733e-02	1.8334e-01	7.4307e+05	1.0018e+00	2.8777e+00	2.3175e+00	1.0543e-01	2.3394e-01	1.4505e-01	
1998	7.4464e+00	8.7004e-02	1.8553e-01	7.2659e+05	1.0188e+00	2.7832e+00	2.2974e+00	1.1092e-01	2.1286e-01	1.4002e-01	
1996	7.6076e+00	8.7463e-02	1.8368e-01	7.2006e+05	9.8425e-01	2.9906e+00	2.2501e+00	1.0476e-01	2.1625e-01	1.4510e-01	
1999	7.7729e+00	8.1258e-02	1.8168e-01	7.5574e+05	1.0242e+00	3.1055e+00	2.2985e+00	1.0877e-01	2.0428e-01	1.3851e-01	
2000	7.7096e+00	8.5973e-02	1.8035e-01	7.1506e+05	1.0011e+00	3.0843e+00	2.2940e+00	1.0819e-01	2.0219e-01	1.3610e-01	
2001	7.6640e+00	8.5676e-02	1.9363e-01	6.9419e+05	9.9713e-01	3.0598e+00	2.2752e+00	1.0323e-01	2.0855e-01	1.3373e-01	
2002	7.6515e+00	9.0818e-02	1.8836e-01	7.1478e+05	1.0231e+00	3.0011e+00	2.2736e+00	1.0022e-01	2.2590e-01	1.3689e-01	
2003	7.5912e+00	8.5686e-02	1.9656e-01	7.0060e+05	9.9425e-01	2.9678e+00	2.2601e+00	1.1012e-01	2.2544e-01	1.4370e-01	
2004	7.6428e+00	8.6671e-02	1.8096e-01	7.1083e+05	1.0229e+00	2.9946e+00	2.2545e+00	1.1086e-01	2.2119e-01	1.3782e-01	
2005	7.5567e+00	8.9174e-02	1.7438e-01	7.0460e+05	9.7384e-01	2.9928e+00	2.2627e+00	1.0999e-01	2.2459e-01	1.2954e-01	
2006	7.6743e+00	9.4753e-02	1.7650e-01	7.0918e+05	1.0059e+00	3.0115e+00	2.3057e+00	1.0880e-01	2.2283e-01	1.2781e-01	
2007	7.6238e+00	9.0650e-02	1.8120e-01	6.9857e+05	1.0140e+00	2.9958e+00	2.2735e+00	1.0749e-01	2.0707e-01	1.3080e-01	
2009	7.6391e+00	8.9463e-02	1.8798e-01	7.0912e+05	9.9363e-01	3.0225e+00	2.2769e+00	1.0797e-01	2.1325e-01	1.3666e-01	
2008	7.7703e+00	9.4350e-02	1.8558e-01	7.1757e+05	1.0149e+00	3.0988e+00	2.3096e+00	1.0602e-01	2.1390e-01	1.3540e-01	
2010	7.5850e+00	8.8527e-02	1.9267e-01	7.0273e+05	9.9044e-01	2.9970e+00	2.2692e+00	1.0706e-01	2.1171e-01	1.3530e-01	
2011	7.8251e+00	8.8690e-02	1.8473e-01	7.4142e+05	1.0172e+00	3.1178e+00	2.3356e+00	1.0575e-01	2.1165e-01	1.2951e-01	
2012	7.7549e+00	9.3472e-02	1.7611e-01	7.0729e+05	1.0180e+00	3.0991e+00	2.3097e+00	1.0884e-01	2.0080e-01	1.3577e-01	
2013	7.7273e+00	8.6591e-02	1.8782e-01	6.8162e+05	1.0016e+00	3.0886e+00	2.3064e+00	1.0633e-01	2.1060e-01	1.3839e-01	
2014	7.5709e+00	8.6718e-02	1.9287e-01	6.7778e+05	9.8856e-01	3.0056e+00	2.2618e+00	1.0169e-01	2.1238e-01	1.3384e-01	
2015	7.4821e+00	9.0856e-02	1.7803e-01	7.0228e+05	9.9711e-01	2.8865e+00	2.2927e+00	1.0022e-01	2.1255e-01	1.2134e-01	
2016	7.3409e+00	9.3372e-02	1.5878e-01	7.1104e+05	9.8259e-01	2.8272e+00	2.2600e+00	1.0152e-01	1.9840e-01	1.2415e-01	
2017	7.5599e+00	9.1092e-02	1.7498e-01	7.5800e+05	9.8865e-01	2.9916e+00	2.2532e+00	1.0635e-01	2.0373e-01	1.3703e-01	
2018	7.6990e+00	8.8727e-02	1.7815e-01	7.1922e+05	1.0214e+00	3.0204e+00	2.2993e+00	1.0309e-01	2.2804e-01	1.4400e-01	
2019	7.5314e+00	9.0499e-02	1.8715e-01	6.6168e+05	9.9263e-01	2.9167e+00	2.2766e+00	1.0325e-01	2.2336e-01	1.3766e-01	
2020	7.5461e+00	9.4697e-02	1.9567e-01	6.7533e+05	9.6534e-01	2.9489e+00	2.2701e+00	1.0752e-01	2.2835e-01	1.4813e-01	
