year	PPT	PPT	PPT	PPT	PPT	PPT	PPT	PPT	PPT	PPT	
	PgCarbonPerYr	PgCarbonPerYr	PgCarbonPerYr	PgCarbonPerYr	PgCarbonPerYr	PgCarbonPerYr	PgCarbonPerYr	PgCarbonPerYr	PgCarbonPerYr	PgCarbonPerYr	
	total	Arctic	N_Atl	N_Pac	Equ_N	Equ	Equ_S	SO_Atl	SO_Pac	SO_Ind	
1755	4.7783e+01	5.4588e-01	8.9541e-01	2.7693e+00	6.3694e+00	1.6842e+01	1.5079e+01	6.3113e-01	1.5669e+00	8.6978e-01	
1754	4.7167e+01	5.0786e-01	9.1248e-01	2.7787e+00	6.3990e+00	1.6317e+01	1.4983e+01	6.2393e-01	1.5258e+00	8.6165e-01	
1752	4.5549e+01	5.0989e-01	8.4124e-01	2.8333e+00	6.1910e+00	1.6404e+01	1.3752e+01	5.7984e-01	1.3663e+00	7.9170e-01	
1753	4.6984e+01	4.9131e-01	9.1869e-01	2.8200e+00	6.4974e+00	1.6687e+01	1.4369e+01	6.1410e-01	1.4620e+00	8.3823e-01	
1756	4.8713e+01	5.4969e-01	8.8725e-01	2.7782e+00	6.9872e+00	1.6829e+01	1.5386e+01	6.4135e-01	1.5973e+00	8.7422e-01	
1757	4.7916e+01	5.7092e-01	9.3012e-01	2.7880e+00	6.9956e+00	1.6043e+01	1.5283e+01	6.5049e-01	1.6174e+00	8.7960e-01	
1758	4.7468e+01	5.7428e-01	9.3020e-01	2.7825e+00	6.6839e+00	1.5713e+01	1.5463e+01	6.5802e-01	1.6299e+00	8.8594e-01	
1759	4.7225e+01	5.6480e-01	9.2544e-01	2.7873e+00	6.5591e+00	1.5509e+01	1.5546e+01	6.6219e-01	1.6369e+00	8.9291e-01	
1760	4.7017e+01	5.6969e-01	9.0115e-01	2.7787e+00	6.4234e+00	1.5417e+01	1.5588e+01	6.6431e-01	1.6390e+00	8.9912e-01	
1761	4.6803e+01	5.7573e-01	8.8293e-01	2.7758e+00	6.3703e+00	1.5318e+01	1.5522e+01	6.6557e-01	1.6428e+00	9.0276e-01	
1762	4.6704e+01	5.8436e-01	8.7581e-01	2.7663e+00	6.2714e+00	1.5254e+01	1.5579e+01	6.6683e-01	1.6470e+00	9.0465e-01	
1763	4.6604e+01	5.9655e-01	8.6253e-01	2.7667e+00	6.1199e+00	1.5204e+01	1.5678e+01	6.6803e-01	1.6457e+00	9.0576e-01	
1764	4.6351e+01	6.0844e-01	8.2120e-01	2.7590e+00	5.9884e+00	1.5109e+01	1.5706e+01	6.6920e-01	1.6418e+00	9.0670e-01	
1765	4.6287e+01	6.0242e-01	8.0627e-01	2.7567e+00	5.8860e+00	1.4988e+01	1.5907e+01	6.7005e-01	1.6388e+00	9.0781e-01	
1766	4.6218e+01	6.0447e-01	7.6961e-01	2.7560e+00	5.7807e+00	1.4942e+01	1.6038e+01	6.7074e-01	1.6349e+00	9.1165e-01	
1767	4.6145e+01	6.1649e-01	7.6364e-01	2.7449e+00	5.7763e+00	1.4738e+01	1.6189e+01	6.7171e-01	1.6351e+00	9.1809e-01	
1768	4.5791e+01	6.1239e-01	7.7021e-01	2.7428e+00	5.7783e+00	1.4534e+01	1.6041e+01	6.7253e-01	1.6432e+00	9.2250e-01	
1769	4.5858e+01	6.2081e-01	7.6938e-01	2.7434e+00	5.7822e+00	1.4396e+01	1.6221e+01	6.7255e-01	1.6514e+00	9.2328e-01	
1770	4.5749e+01	6.1804e-01	7.7066e-01	2.7412e+00	5.7861e+00	1.4339e+01	1.6173e+01	6.7336e-01	1.6525e+00	9.2147e-01	
1771	4.5613e+01	6.2684e-01	7.7262e-01	2.7406e+00	5.8057e+00	1.4285e+01	1.6059e+01	6.7290e-01	1.6497e+00	9.1857e-01	
1772	4.5754e+01	6.2191e-01	7.7581e-01	2.7394e+00	5.8095e+00	1.4244e+01	1.6264e+01	6.7387e-01	1.6433e+00	9.1552e-01	
1773	4.5715e+01	6.3009e-01	7.7677e-01	2.7375e+00	5.8277e+00	1.4216e+01	1.6233e+01	6.7494e-01	1.6341e+00	9.1499e-01	
1774	4.5883e+01	6.3781e-01	7.8054e-01	2.7328e+00	5.8341e+00	1.4198e+01	1.6412e+01	6.7243e-01	1.6286e+00	9.1640e-01	
1775	4.5951e+01	6.3037e-01	7.8432e-01	2.7356e+00	5.8498e+00	1.4181e+01	1.6465e+01	6.7199e-01	1.6295e+00	9.1879e-01	
1776	4.6225e+01	6.3463e-01	7.8421e-01	2.7349e+00	5.8551e+00	1.4171e+01	1.6749e+01	6.7197e-01	1.6368e+00	9.2022e-01	
1777	4.6020e+01	6.4225e-01	7.8654e-01	2.7234e+00	5.8745e+00	1.4194e+01	1.6480e+01	6.7184e-01	1.6431e+00	9.1855e-01	
1778	4.6303e+01	6.4505e-01	7.9013e-01	2.7274e+00	5.8780e+00	1.4193e+01	1.6743e+01	6.7339e-01	1.6425e+00	9.1396e-01	
1779	4.6244e+01	6.4613e-01	7.9372e-01	2.7282e+00	5.8967e+00	1.4203e+01	1.6651e+01	6.7243e-01	1.6380e+00	9.1057e-01	
1780	4.6459e+01	6.4855e-01	7.9420e-01	2.7321e+00	5.9030e+00	1.4230e+01	1.6846e+01	6.7235e-01	1.6276e+00	9.0964e-01	
1781	4.6291e+01	6.5050e-01	7.9648e-01	2.7370e+00	5.9368e+00	1.4233e+01	1.6629e+01	6.7190e-01	1.6209e+00	9.0948e-01	
1783	4.6250e+01	6.5558e-01	8.0496e-01	2.7072e+00	5.9453e+00	1.4246e+01	1.6581e+01	6.7017e-01	1.6162e+00	9.1132e-01	
1788	4.6760e+01	6.6324e-01	8.1680e-01	2.6036e+00	6.0414e+00	1.4298e+01	1.7058e+01	6.6767e-01	1.6028e+00	9.0347e-01	
1787	4.6597e+01	6.6060e-01	8.1573e-01	2.5957e+00	6.0282e+00	1.4288e+01	1.6904e+01	6.6860e-01	1.6072e+00	9.0346e-01	
1782	4.6552e+01	6.5256e-01	8.0067e-01	2.7330e+00	5.9475e+00	1.4229e+01	1.6885e+01	6.7175e-01	1.6160e+00	9.1051e-01	
1789	4.6833e+01	6.6543e-01	8.1811e-01	2.6134e+00	6.0627e+00	1.4304e+01	1.7084e+01	6.6810e-01	1.5975e+00	9.0319e-01	
1786	4.6678e+01	6.5947e-01	8.1191e-01	2.6014e+00	5.9896e+00	1.4262e+01	1.7064e+01	6.6786e-01	1.6136e+00	9.0499e-01	
1784	4.6570e+01	6.5631e-01	8.0644e-01	2.6709e+00	5.9545e+00	1.4261e+01	1.6924e+01	6.6940e-01	1.6192e+00	9.1071e-01	
1785	4.6250e+01	6.5823e-01	8.0815e-01	2.6245e+00	5.9768e+00	1.4275e+01	1.6608e+01	6.6889e-01	1.6173e+00	9.0782e-01	
1790	4.6814e+01	6.6740e-01	8.2165e-01	2.6111e+00	6.0915e+00	1.4313e+01	1.7024e+01	6.6766e-01	1.5973e+00	9.0379e-01	
1794	4.7225e+01	6.7777e-01	8.3475e-01	2.5992e+00	6.1186e+00	1.4394e+01	1.7309e+01	6.6619e-01	1.5994e+00	8.9810e-01	
1792	4.6960e+01	6.7404e-01	8.3033e-01	2.6113e+00	6.0997e+00	1.4359e+01	1.7081e+01	6.6599e-01	1.6038e+00	9.0399e-01	
1793	4.7281e+01	6.7632e-01	8.3231e-01	2.6079e+00	6.1146e+00	1.4377e+01	1.7365e+01	6.6722e-01	1.6020e+00	9.0096e-01	
1791	4.6881e+01	6.6960e-01	8.2616e-01	2.6155e+00	6.0923e+00	1.4327e+01	1.7046e+01	6.6732e-01	1.5995e+00	9.0425e-01	
1795	4.7324e+01	6.8033e-01	8.3782e-01	2.5922e+00	6.1340e+00	1.4401e+01	1.7369e+01	6.6740e-01	1.5947e+00	8.9677e-01	
1799	4.7540e+01	6.9079e-01	8.5244e-01	2.5929e+00	6.1729e+00	1.4429e+01	1.7493e+01	6.6604e-01	1.5892e+00	8.9252e-01	
1796	4.7482e+01	6.8271e-01	8.4377e-01	2.5910e+00	6.1316e+00	1.4422e+01	1.7511e+01	6.6677e-01	1.5938e+00	8.9733e-01	
1801	4.7515e+01	6.9580e-01	8.5388e-01	2.5953e+00	6.1894e+00	1.4483e+01	1.7393e+01	6.6479e-01	1.5875e+00	8.9157e-01	
1800	4.7249e+01	6.9387e-01	8.5422e-01	2.5945e+00	6.1798e+00	1.4455e+01	1.7172e+01	6.6614e-01	1.5888e+00	8.9257e-01	
1798	4.7367e+01	6.8822e-01	8.4573e-01	2.5994e+00	6.1640e+00	1.4435e+01	1.7349e+01	6.6579e-01	1.5905e+00	8.9417e-01	
1797	4.7310e+01	6.8527e-01	8.4505e-01	2.5930e+00	6.1497e+00	1.4434e+01	1.7298e+01	6.6683e-01	1.5917e+00	8.9601e-01	
1810	4.8069e+01	7.1732e-01	8.6395e-01	2.5886e+00	6.2264e+00	1.4595e+01	1.7802e+01	6.6126e-01	1.5673e+00	8.7882e-01	
1813	4.7818e+01	7.2139e-01	8.7609e-01	2.5837e+00	6.2426e+00	1.4612e+01	1.7494e+01	6.5883e-01	1.5627e+00	8.7564e-01	
1812	4.7935e+01	7.2122e-01	8.7169e-01	2.5875e+00	6.2344e+00	1.4628e+01	1.7611e+01	6.6050e-01	1.5623e+00	8.7471e-01	
1811	4.7928e+01	7.1384e-01	8.6741e-01	2.5852e+00	6.2356e+00	1.4627e+01	1.7618e+01	6.5975e-01	1.5650e+00	8.7632e-01	
1814	4.8158e+01	7.2435e-01	8.7949e-01	2.5862e+00	6.2209e+00	1.4641e+01	1.7829e+01	6.5709e-01	1.5638e+00	8.7598e-01	
1819	4.8173e+01	7.2685e-01	8.9671e-01	2.5814e+00	6.2475e+00	1.4724e+01	1.7729e+01	6.5690e-01	1.5526e+00	8.6870e-01	
1815	4.8069e+01	7.1937e-01	8.8250e-01	2.5847e+00	6.2600e+00	1.4646e+01	1.7696e+01	6.5562e-01	1.5640e+00	8.7429e-01	
1820	4.8053e+01	7.3338e-01	9.0028e-01	2.5831e+00	6.2399e+00	1.4730e+01	1.7604e+01	6.5632e-01	1.5522e+00	8.6671e-01	
1843	4.8489e+01	7.5070e-01	9.5357e-01	2.5554e+00	6.2753e+00	1.4970e+01	1.7763e+01	6.4845e-01	1.5109e+00	8.4298e-01	
1842	4.8723e+01	7.5611e-01	9.5160e-01	2.5632e+00	6.2676e+00	1.4943e+01	1.8031e+01	6.4785e-01	1.5118e+00	8.4434e-01	
1816	4.8167e+01	7.2862e-01	8.8673e-01	2.5845e+00	6.2174e+00	1.4670e+01	1.7802e+01	6.5761e-01	1.5621e+00	8.7176e-01	
1817	4.8171e+01	7.2262e-01	8.8932e-01	2.5814e+00	6.2482e+00	1.4669e+01	1.7779e+01	6.5789e-01	1.5586e+00	8.7015e-01	
1818	4.8223e+01	7.3015e-01	8.9493e-01	2.5851e+00	6.2203e+00	1.4704e+01	1.7825e+01	6.5810e-01	1.5535e+00	8.6964e-01	
1831	4.8223e+01	7.3989e-01	9.2959e-01	2.5727e+00	6.2506e+00	1.4818e+01	1.7681e+01	6.5237e-01	1.5314e+00	8.5747e-01	
1835	4.8206e+01	7.4364e-01	9.3851e-01	2.5709e+00	6.2661e+00	1.4869e+01	1.7610e+01	6.4999e-01	1.5177e+00	8.5053e-01	
1834	4.8570e+01	7.4803e-01	9.3614e-01	2.5722e+00	6.2549e+00	1.4860e+01	1.7966e+01	6.5030e-01	1.5205e+00	8.5167e-01	
1836	4.8510e+01	7.5042e-01	9.3995e-01	2.5695e+00	6.2550e+00	1.4874e+01	1.7910e+01	6.4990e-01	1.5179e+00	8.5062e-01	
1828	4.8533e+01	7.4206e-01	9.2240e-01	2.5719e+00	6.2323e+00	1.4829e+01	1.7997e+01	6.5361e-01	1.5282e+00	8.5878e-01	
1832	4.8484e+01	7.4567e-01	9.3127e-01	2.5744e+00	6.2481e+00	1.4831e+01	1.7924e+01	6.5211e-01	1.5286e+00	8.5664e-01	
1830	4.8286e+01	7.4472e-01	9.2792e-01	2.5746e+00	6.2444e+00	1.4803e+01	1.7754e+01	6.5178e-01	1.5321e+00	8.5714e-01	
1821	4.7902e+01	7.2948e-01	9.0335e-01	2.5821e+00	6.2520e+00	1.4747e+01	1.7423e+01	6.5557e-01	1.5503e+00	8.6528e-01	
1839	4.8302e+01	7.4727e-01	9.4546e-01	2.5634e+00	6.2536e+00	1.4881e+01	1.7694e+01	6.5070e-01	1.5220e+00	8.4823e-01	
1838	4.8510e+01	7.5166e-01	9.4385e-01	2.5719e+00	6.2529e+00	1.4847e+01	1.7918e+01	6.5142e-01	1.5217e+00	8.4914e-01	
1826	4.8490e+01	7.3984e-01	9.1757e-01	2.5796e+00	6.2334e+00	1.4792e+01	1.7993e+01	6.5343e-01	1.5318e+00	8.6038e-01	
1824	4.8305e+01	7.3875e-01	9.1230e-01	2.5834e+00	6.2442e+00	1.4751e+01	1.7814e+01	6.5426e-01	1.5416e+00	8.6438e-01	
1823	4.8079e+01	7.3099e-01	9.0895e-01	2.5804e+00	6.2595e+00	1.4738e+01	1.7598e+01	6.5501e-01	1.5483e+00	8.6605e-01	
1837	4.8358e+01	7.4621e-01	9.4217e-01	2.5659e+00	6.2610e+00	1.4876e+01	1.7743e+01	6.5121e-01	1.5188e+00	8.5036e-01	
1841	4.8523e+01	7.5011e-01	9.4892e-01	2.5578e+00	6.2460e+00	1.4927e+01	1.7882e+01	6.4960e-01	1.5145e+00	8.4607e-01	
1807	4.7635e+01	7.0835e-01	8.5302e-01	2.5943e+00	6.2079e+00	1.4545e+01	1.7435e+01	6.6199e-01	1.5742e+00	8.8287e-01	
1802	4.7384e+01	6.9669e-01	8.5788e-01	2.5904e+00	6.1930e+00	1.4504e+01	1.7257e+01	6.6380e-01	1.5834e+00	8.8883e-01	
1804	4.7556e+01	7.0240e-01	8.5371e-01	2.5933e+00	6.2221e+00	1.4539e+01	1.7357e+01	6.6305e-01	1.5781e+00	8.8467e-01	
1822	4.8249e+01	7.3604e-01	9.0609e-01	2.5849e+00	6.2337e+00	1.4749e+01	1.7785e+01	6.5513e-01	1.5518e+00	8.6604e-01	
1827	4.8252e+01	7.3462e-01	9.2023e-01	2.5767e+00	6.2493e+00	1.4811e+01	1.7733e+01	6.5378e-01	1.5282e+00	8.5971e-01	
1840	4.8627e+01	7.5371e-01	9.4670e-01	2.5673e+00	6.2421e+00	1.4875e+01	1.8036e+01	6.4974e-01	1.5187e+00	8.4736e-01	
1805	4.7849e+01	7.0399e-01	8.4889e-01	2.5858e+00	6.2351e+00	1.4542e+01	1.7632e+01	6.6345e-01	1.5762e+00	8.8509e-01	
1803	4.7715e+01	7.0015e-01	8.5686e-01	2.5940e+00	6.2123e+00	1.4519e+01	1.7545e+01	6.6383e-01	1.5797e+00	8.8604e-01	
1808	4.7858e+01	7.1230e-01	8.5661e-01	2.5861e+00	6.2126e+00	1.4568e+01	1.7630e+01	6.6325e-01	1.5745e+00	8.8195e-01	
1809	4.7819e+01	7.1075e-01	8.6132e-01	2.5872e+00	6.2273e+00	1.4582e+01	1.7552e+01	6.6162e-01	1.5729e+00	8.8111e-01	
1806	4.7550e+01	7.0683e-01	8.5052e-01	2.5940e+00	6.1975e+00	1.4537e+01	1.7384e+01	6.6255e-01	1.5747e+00	8.8413e-01	
1829	4.8222e+01	7.3849e-01	9.2608e-01	2.5717e+00	6.2504e+00	1.4798e+01	1.7698e+01	6.5284e-01	1.5292e+00	8.5743e-01	
1833	4.8333e+01	7.4251e-01	9.3424e-01	2.5707e+00	6.2624e+00	1.4862e+01	1.7733e+01	6.5165e-01	1.5239e+00	8.5459e-01	
1825	4.8260e+01	7.3237e-01	9.1386e-01	2.5796e+00	6.2464e+00	1.4790e+01	1.7750e+01	6.5440e-01	1.5358e+00	8.6179e-01	
1844	4.8644e+01	7.5635e-01	9.5466e-01	2.5579e+00	6.2450e+00	1.4940e+01	1.7983e+01	6.4774e-01	1.5130e+00	8.4279e-01	
1845	4.8638e+01	7.5254e-01	9.5622e-01	2.5531e+00	6.2593e+00	1.4939e+01	1.7967e+01	6.4836e-01	1.5141e+00	8.4248e-01	
1846	4.8736e+01	7.5885e-01	9.5862e-01	2.5579e+00	6.2336e+00	1.4936e+01	1.8077e+01	6.4801e-01	1.5149e+00	8.4096e-01	
1847	4.8702e+01	7.5443e-01	9.5996e-01	2.5566e+00	6.2442e+00	1.4977e+01	1.7991e+01	6.4835e-01	1.5132e+00	8.3872e-01	
1848	4.8841e+01	7.5964e-01	9.6095e-01	2.5560e+00	6.2337e+00	1.4973e+01	1.8165e+01	6.4658e-01	1.5095e+00	8.3797e-01	
1849	4.8694e+01	7.5558e-01	9.6267e-01	2.5563e+00	6.2358e+00	1.5002e+01	1.7989e+01	6.4558e-01	1.5068e+00	8.3824e-01	
1850	4.8862e+01	7.6131e-01	9.6481e-01	2.5536e+00	6.2273e+00	1.5020e+01	1.8130e+01	6.4596e-01	1.5071e+00	8.3775e-01	
1851	4.8980e+01	7.5632e-01	9.6710e-01	2.5565e+00	6.2452e+00	1.4985e+01	1.8255e+01	6.4718e-01	1.5082e+00	8.3612e-01	
1852	4.8872e+01	7.6357e-01	9.6800e-01	2.5548e+00	6.2329e+00	1.4989e+01	1.8160e+01	6.4668e-01	1.5119e+00	8.3490e-01	
1853	4.8814e+01	7.5838e-01	9.6888e-01	2.5579e+00	6.2210e+00	1.5017e+01	1.8089e+01	6.4578e-01	1.5117e+00	8.3471e-01	
1854	4.8931e+01	7.6492e-01	9.7372e-01	2.5489e+00	6.2247e+00	1.4998e+01	1.8210e+01	6.4560e-01	1.5098e+00	8.3387e-01	
1855	4.8817e+01	7.5820e-01	9.7141e-01	2.5526e+00	6.2254e+00	1.5020e+01	1.8079e+01	6.4640e-01	1.5057e+00	8.3195e-01	
1856	4.8877e+01	7.6486e-01	9.7705e-01	2.5515e+00	6.2221e+00	1.5052e+01	1.8104e+01	6.4563e-01	1.5034e+00	8.3078e-01	
1857	4.8515e+01	7.6043e-01	9.7377e-01	2.5556e+00	6.2235e+00	1.5051e+01	1.7760e+01	6.4470e-01	1.5028e+00	8.3083e-01	
1858	4.8970e+01	7.6715e-01	9.8078e-01	2.5600e+00	6.2244e+00	1.5064e+01	1.8179e+01	6.4435e-01	1.5044e+00	8.3022e-01	
1859	4.8735e+01	7.6014e-01	9.7644e-01	2.5561e+00	6.2339e+00	1.5056e+01	1.7944e+01	6.4469e-01	1.5052e+00	8.2844e-01	
1860	4.8985e+01	7.6748e-01	9.8589e-01	2.5555e+00	6.2283e+00	1.5059e+01	1.8185e+01	6.4353e-01	1.5043e+00	8.2691e-01	
1861	4.8856e+01	7.6177e-01	9.7941e-01	2.5568e+00	6.2348e+00	1.5036e+01	1.8083e+01	6.4271e-01	1.5018e+00	8.2730e-01	
1862	4.9099e+01	7.6985e-01	9.8818e-01	2.5561e+00	6.2345e+00	1.5050e+01	1.8306e+01	6.4379e-01	1.4995e+00	8.2755e-01	
1863	4.9008e+01	7.6133e-01	9.8181e-01	2.5527e+00	6.2339e+00	1.5036e+01	1.8247e+01	6.4286e-01	1.4988e+00	8.2605e-01	
1864	4.9026e+01	7.7030e-01	9.9161e-01	2.5557e+00	6.2330e+00	1.5079e+01	1.8200e+01	6.4226e-01	1.4983e+00	8.2330e-01	
1865	4.8972e+01	7.6394e-01	9.8421e-01	2.5542e+00	6.2333e+00	1.5076e+01	1.8162e+01	6.4066e-01	1.4996e+00	8.2186e-01	
1866	4.8928e+01	7.7219e-01	9.9443e-01	2.5607e+00	6.2286e+00	1.5082e+01	1.8104e+01	6.4237e-01	1.5001e+00	8.2189e-01	
1867	4.8904e+01	7.6546e-01	9.8612e-01	2.5580e+00	6.2403e+00	1.5075e+01	1.8084e+01	6.4172e-01	1.4998e+00	8.2112e-01	
1868	4.8973e+01	7.7333e-01	9.9729e-01	2.5624e+00	6.2337e+00	1.5094e+01	1.8114e+01	6.4320e-01	1.4985e+00	8.1963e-01	
1869	4.9250e+01	7.6598e-01	9.8890e-01	2.5618e+00	6.2421e+00	1.5090e+01	1.8402e+01	6.4222e-01	1.4966e+00	8.1863e-01	
1870	4.9163e+01	7.7420e-01	9.9987e-01	2.5624e+00	6.2522e+00	1.5127e+01	1.8263e+01	6.4283e-01	1.4935e+00	8.1887e-01	
1871	4.9255e+01	7.6840e-01	9.9064e-01	2.5571e+00	6.2564e+00	1.5131e+01	1.8361e+01	6.4352e-01	1.4935e+00	8.1823e-01	
1872	4.9120e+01	7.7582e-01	1.0028e+00	2.5595e+00	6.2485e+00	1.5150e+01	1.8189e+01	6.4174e-01	1.4950e+00	8.1505e-01	
1873	4.9166e+01	7.6983e-01	9.9381e-01	2.5553e+00	6.2503e+00	1.5161e+01	1.8237e+01	6.4085e-01	1.4969e+00	8.1190e-01	
1874	4.9181e+01	7.7689e-01	1.0052e+00	2.5562e+00	6.2480e+00	1.5157e+01	1.8246e+01	6.4100e-01	1.4966e+00	8.1263e-01	
1875	4.9289e+01	7.7225e-01	9.9612e-01	2.5496e+00	6.2497e+00	1.5157e+01	1.8374e+01	6.4039e-01	1.4959e+00	8.1373e-01	
1876	4.9224e+01	7.7874e-01	1.0084e+00	2.5517e+00	6.2418e+00	1.5149e+01	1.8299e+01	6.4107e-01	1.4952e+00	8.1369e-01	
1877	4.9269e+01	7.7222e-01	9.9948e-01	2.5481e+00	6.2543e+00	1.5160e+01	1.8339e+01	6.4052e-01	1.4920e+00	8.1238e-01	
1878	4.9354e+01	7.8058e-01	1.0114e+00	2.5506e+00	6.2462e+00	1.5184e+01	1.8393e+01	6.3910e-01	1.4893e+00	8.1108e-01	
1879	4.9146e+01	7.7306e-01	1.0017e+00	2.5469e+00	6.2534e+00	1.5204e+01	1.8188e+01	6.3987e-01	1.4880e+00	8.0993e-01	
1880	4.9102e+01	7.8359e-01	1.0141e+00	2.5477e+00	6.2438e+00	1.5191e+01	1.8146e+01	6.3983e-01	1.4898e+00	8.0769e-01	
1881	4.9084e+01	7.7511e-01	1.0053e+00	2.5462e+00	6.2381e+00	1.5175e+01	1.8152e+01	6.4097e-01	1.4922e+00	8.0564e-01	
1882	4.9249e+01	7.8351e-01	1.0181e+00	2.5452e+00	6.2318e+00	1.5189e+01	1.8288e+01	6.4109e-01	1.4927e+00	8.0523e-01	
1883	4.9090e+01	7.7627e-01	1.0088e+00	2.5455e+00	6.2434e+00	1.5163e+01	1.8173e+01	6.3854e-01	1.4887e+00	8.0633e-01	
1884	4.9155e+01	7.8562e-01	1.0218e+00	2.5452e+00	6.2304e+00	1.5171e+01	1.8231e+01	6.3814e-01	1.4856e+00	8.0610e-01	
1885	4.9209e+01	7.7815e-01	1.0127e+00	2.5430e+00	6.2422e+00	1.5193e+01	1.8257e+01	6.3904e-01	1.4830e+00	8.0481e-01	
1886	4.9282e+01	7.8778e-01	1.0263e+00	2.5418e+00	6.2394e+00	1.5217e+01	1.8295e+01	6.3961e-01	1.4819e+00	8.0220e-01	
1887	4.9182e+01	7.7961e-01	1.0152e+00	2.5375e+00	6.2362e+00	1.5218e+01	1.8214e+01	6.3868e-01	1.4826e+00	8.0051e-01	
1888	4.9383e+01	7.8924e-01	1.0293e+00	2.5358e+00	6.2297e+00	1.5213e+01	1.8417e+01	6.3853e-01	1.4856e+00	7.9908e-01	
1889	4.9113e+01	7.8154e-01	1.0192e+00	2.5314e+00	6.2382e+00	1.5205e+01	1.8166e+01	6.3921e-01	1.4874e+00	7.9832e-01	
1890	4.9430e+01	7.9130e-01	1.0332e+00	2.5273e+00	6.2238e+00	1.5203e+01	1.8478e+01	6.3717e-01	1.4872e+00	7.9802e-01	
1908	4.9269e+01	7.9886e-01	1.0657e+00	2.4689e+00	6.2016e+00	1.5269e+01	1.8319e+01	6.3559e-01	1.4764e+00	7.8032e-01	
1891	4.9290e+01	7.8339e-01	1.0229e+00	2.5268e+00	6.2386e+00	1.5190e+01	1.8354e+01	6.3717e-01	1.4823e+00	7.9775e-01	
1907	4.9499e+01	7.9133e-01	1.0495e+00	2.4751e+00	6.2195e+00	1.5255e+01	1.8556e+01	6.3573e-01	1.4762e+00	7.8306e-01	
1906	4.9554e+01	7.9999e-01	1.0620e+00	2.4800e+00	6.2165e+00	1.5232e+01	1.8613e+01	6.3677e-01	1.4767e+00	7.8317e-01	
1903	4.9385e+01	7.8950e-01	1.0416e+00	2.4895e+00	6.2118e+00	1.5254e+01	1.8436e+01	6.3737e-01	1.4798e+00	7.8299e-01	
1904	4.9216e+01	7.9915e-01	1.0569e+00	2.4885e+00	6.2129e+00	1.5245e+01	1.8248e+01	6.3667e-01	1.4810e+00	7.8303e-01	
1905	4.9270e+01	7.9069e-01	1.0458e+00	2.4852e+00	6.2207e+00	1.5217e+01	1.8341e+01	6.3613e-01	1.4792e+00	7.8327e-01	
1902	4.9384e+01	7.9845e-01	1.0542e+00	2.4922e+00	6.2082e+00	1.5273e+01	1.8403e+01	6.3720e-01	1.4767e+00	7.8386e-01	
1898	4.9268e+01	7.9615e-01	1.0475e+00	2.5025e+00	6.2250e+00	1.5220e+01	1.8318e+01	6.3571e-01	1.4823e+00	7.9141e-01	
1899	4.9572e+01	7.8862e-01	1.0363e+00	2.5016e+00	6.2270e+00	1.5224e+01	1.8625e+01	6.3740e-01	1.4786e+00	7.8958e-01	
1900	4.9415e+01	7.9776e-01	1.0510e+00	2.4960e+00	6.2230e+00	1.5252e+01	1.8434e+01	6.3709e-01	1.4747e+00	7.8758e-01	
1901	4.9265e+01	7.8990e-01	1.0389e+00	2.4945e+00	6.2137e+00	1.5269e+01	1.8290e+01	6.3876e-01	1.4738e+00	7.8581e-01	
1897	4.9289e+01	7.8603e-01	1.0332e+00	2.5074e+00	6.2286e+00	1.5213e+01	1.8358e+01	6.3686e-01	1.4832e+00	7.9158e-01	
1896	4.9258e+01	7.9463e-01	1.0444e+00	2.5080e+00	6.2193e+00	1.5229e+01	1.8288e+01	6.3782e-01	1.4830e+00	7.9019e-01	
1895	4.9243e+01	7.8527e-01	1.0298e+00	2.5137e+00	6.2288e+00	1.5240e+01	1.8275e+01	6.3702e-01	1.4827e+00	7.8977e-01	
1893	4.9463e+01	7.8541e-01	1.0263e+00	2.5209e+00	6.2319e+00	1.5244e+01	1.8502e+01	6.3692e-01	1.4767e+00	7.9635e-01	
1894	4.9445e+01	7.9331e-01	1.0402e+00	2.5138e+00	6.2244e+00	1.5252e+01	1.8459e+01	6.3703e-01	1.4792e+00	7.9319e-01	
1892	4.9459e+01	7.9277e-01	1.0375e+00	2.5218e+00	6.2288e+00	1.5216e+01	1.8494e+01	6.3795e-01	1.4776e+00	7.9787e-01	
1909	4.9252e+01	7.9178e-01	1.0536e+00	2.4614e+00	6.2177e+00	1.5287e+01	1.8284e+01	6.3617e-01	1.4765e+00	7.7820e-01	
1910	4.9057e+01	8.0283e-01	1.0689e+00	2.4532e+00	6.2094e+00	1.5269e+01	1.8103e+01	6.3528e-01	1.4757e+00	7.7739e-01	
1911	4.9145e+01	7.9386e-01	1.0562e+00	2.4405e+00	6.2168e+00	1.5277e+01	1.8220e+01	6.3511e-01	1.4763e+00	7.7807e-01	
1912	4.9036e+01	8.0201e-01	1.0716e+00	2.4225e+00	6.2137e+00	1.5274e+01	1.8116e+01	6.3422e-01	1.4758e+00	7.7791e-01	
1913	4.9100e+01	7.9297e-01	1.0609e+00	2.4032e+00	6.1988e+00	1.5263e+01	1.8235e+01	6.3651e-01	1.4717e+00	7.7715e-01	
1914	4.9179e+01	8.0114e-01	1.0765e+00	2.3745e+00	6.1861e+00	1.5280e+01	1.8319e+01	6.3494e-01	1.4676e+00	7.7708e-01	
1915	4.9205e+01	7.9161e-01	1.0646e+00	2.3721e+00	6.1983e+00	1.5277e+01	1.8362e+01	6.3575e-01	1.4665e+00	7.7520e-01	
1916	4.9213e+01	8.0323e-01	1.0806e+00	2.3632e+00	6.1817e+00	1.5287e+01	1.8373e+01	6.3659e-01	1.4692e+00	7.7251e-01	
1917	4.9150e+01	7.9549e-01	1.0684e+00	2.3692e+00	6.1902e+00	1.5265e+01	1.8336e+01	6.3588e-01	1.4719e+00	7.7051e-01	
1918	4.9128e+01	8.0562e-01	1.0847e+00	2.3675e+00	6.1899e+00	1.5265e+01	1.8286e+01	6.3650e-01	1.4719e+00	7.7141e-01	
1919	4.9106e+01	7.9786e-01	1.0728e+00	2.3620e+00	6.1875e+00	1.5239e+01	1.8310e+01	6.3464e-01	1.4721e+00	7.7308e-01	
1920	4.9229e+01	8.0605e-01	1.0880e+00	2.3639e+00	6.1877e+00	1.5253e+01	1.8395e+01	6.3485e-01	1.4708e+00	7.7241e-01	
1921	4.9278e+01	7.9746e-01	1.0760e+00	2.3597e+00	6.1875e+00	1.5256e+01	1.8484e+01	6.3506e-01	1.4684e+00	7.7011e-01	
1922	4.9205e+01	8.0552e-01	1.0913e+00	2.3587e+00	6.1818e+00	1.5267e+01	1.8391e+01	6.3396e-01	1.4650e+00	7.6847e-01	
1923	4.9085e+01	7.9765e-01	1.0799e+00	2.3577e+00	6.1886e+00	1.5258e+01	1.8272e+01	6.3488e-01	1.4652e+00	7.6799e-01	
1924	4.9101e+01	8.0594e-01	1.0951e+00	2.3563e+00	6.1842e+00	1.5274e+01	1.8261e+01	6.3524e-01	1.4677e+00	7.6672e-01	
1925	4.8932e+01	7.9723e-01	1.0827e+00	2.3547e+00	6.1841e+00	1.5274e+01	1.8107e+01	6.3615e-01	1.4711e+00	7.6554e-01	
1926	4.9153e+01	8.0600e-01	1.0979e+00	2.3536e+00	6.1799e+00	1.5286e+01	1.8318e+01	6.3466e-01	1.4695e+00	7.6486e-01	
1927	4.9013e+01	7.9903e-01	1.0855e+00	2.3517e+00	6.1756e+00	1.5264e+01	1.8227e+01	6.3206e-01	1.4672e+00	7.6562e-01	
1928	4.9157e+01	8.0852e-01	1.1007e+00	2.3505e+00	6.1737e+00	1.5270e+01	1.8337e+01	6.3355e-01	1.4641e+00	7.6592e-01	
1929	4.9183e+01	7.9963e-01	1.0885e+00	2.3495e+00	6.1782e+00	1.5274e+01	1.8372e+01	6.3431e-01	1.4641e+00	7.6494e-01	
1930	4.9177e+01	8.0865e-01	1.1030e+00	2.3479e+00	6.1694e+00	1.5275e+01	1.8361e+01	6.3474e-01	1.4644e+00	7.6205e-01	
1931	4.8959e+01	8.0042e-01	1.0917e+00	2.3470e+00	6.1790e+00	1.5267e+01	1.8171e+01	6.3634e-01	1.4652e+00	7.5901e-01	
1932	4.8904e+01	8.0928e-01	1.1070e+00	2.3462e+00	6.1701e+00	1.5272e+01	1.8101e+01	6.3455e-01	1.4657e+00	7.5897e-01	
1933	4.9032e+01	7.9979e-01	1.0962e+00	2.3457e+00	6.1784e+00	1.5242e+01	1.8251e+01	6.3506e-01	1.4659e+00	7.6041e-01	
1934	4.9063e+01	8.0865e-01	1.1115e+00	2.3438e+00	6.1743e+00	1.5242e+01	1.8266e+01	6.3521e-01	1.4664e+00	7.6036e-01	
1935	4.9094e+01	8.0057e-01	1.1004e+00	2.3434e+00	6.1644e+00	1.5245e+01	1.8333e+01	6.3343e-01	1.4628e+00	7.5765e-01	
1937	4.9055e+01	8.0212e-01	1.1040e+00	2.3402e+00	6.1676e+00	1.5242e+01	1.8299e+01	6.3447e-01	1.4616e+00	7.5662e-01	
1936	4.9156e+01	8.1083e-01	1.1159e+00	2.3414e+00	6.1629e+00	1.5258e+01	1.8375e+01	6.3345e-01	1.4612e+00	7.5651e-01	
1938	4.8909e+01	8.1123e-01	1.1191e+00	2.3405e+00	6.1521e+00	1.5266e+01	1.8114e+01	6.3320e-01	1.4645e+00	7.5597e-01	
1939	4.9063e+01	8.0351e-01	1.1147e+00	2.3393e+00	6.1648e+00	1.5268e+01	1.8254e+01	6.3442e-01	1.4689e+00	7.5484e-01	
1940	4.8893e+01	8.1030e-01	1.1088e+00	2.3381e+00	6.1529e+00	1.5258e+01	1.8118e+01	6.3491e-01	1.4685e+00	7.5392e-01	
1941	4.8937e+01	8.0668e-01	1.1225e+00	2.3365e+00	6.1612e+00	1.5234e+01	1.8176e+01	6.3323e-01	1.4682e+00	7.5463e-01	
1942	4.9012e+01	8.1346e-01	1.1227e+00	2.3352e+00	6.1539e+00	1.5249e+01	1.8241e+01	6.3429e-01	1.4690e+00	7.5459e-01	
1943	4.9175e+01	8.0455e-01	1.1131e+00	2.3329e+00	6.1526e+00	1.5260e+01	1.8402e+01	6.3629e-01	1.4682e+00	7.5386e-01	
1944	4.9154e+01	8.1356e-01	1.1289e+00	2.3320e+00	6.1508e+00	1.5280e+01	1.8341e+01	6.3498e-01	1.4673e+00	7.5209e-01	
1945	4.9139e+01	8.0674e-01	1.1271e+00	2.3305e+00	6.1557e+00	1.5276e+01	1.8332e+01	6.3405e-01	1.4695e+00	7.4971e-01	
1946	4.8973e+01	8.1177e-01	1.1187e+00	2.3294e+00	6.1386e+00	1.5281e+01	1.8200e+01	6.3467e-01	1.4710e+00	7.4936e-01	
1947	4.8974e+01	8.0874e-01	1.1331e+00	2.3285e+00	6.1561e+00	1.5251e+01	1.8201e+01	6.3403e-01	1.4733e+00	7.5086e-01	
1948	4.9017e+01	8.1664e-01	1.1319e+00	2.3284e+00	6.1423e+00	1.5250e+01	1.8240e+01	6.3420e-01	1.4745e+00	7.5230e-01	
1949	4.9014e+01	8.0764e-01	1.1222e+00	2.3274e+00	6.1547e+00	1.5234e+01	1.8265e+01	6.3506e-01	1.4705e+00	7.5089e-01	
1950	4.9166e+01	8.1731e-01	1.1369e+00	2.3267e+00	6.1534e+00	1.5251e+01	1.8377e+01	6.3369e-01	1.4692e+00	7.4926e-01	
1951	4.9765e+01	7.7525e-01	1.1033e+00	2.3684e+00	6.1260e+00	1.5240e+01	1.8929e+01	6.2346e-01	1.6200e+00	7.5119e-01	
1952	4.9198e+01	7.5490e-01	1.0972e+00	2.3438e+00	6.1582e+00	1.5377e+01	1.8227e+01	6.2880e-01	1.6097e+00	7.9402e-01	
1953	4.9560e+01	7.8925e-01	1.0679e+00	2.5269e+00	6.2225e+00	1.5344e+01	1.8491e+01	6.1331e-01	1.5683e+00	6.8551e-01	
1954	4.9010e+01	7.6550e-01	1.0663e+00	2.4962e+00	6.1458e+00	1.5520e+01	1.7892e+01	6.1496e-01	1.5906e+00	6.7790e-01	
1955	4.9381e+01	7.9388e-01	1.0878e+00	2.4471e+00	6.1919e+00	1.5696e+01	1.8183e+01	6.2631e-01	1.5263e+00	6.5922e-01	
1956	4.9424e+01	7.7169e-01	1.0359e+00	2.4349e+00	6.0937e+00	1.5790e+01	1.8214e+01	6.6150e-01	1.5010e+00	7.4911e-01	
1957	4.9461e+01	8.0422e-01	1.0587e+00	2.4096e+00	6.1202e+00	1.5367e+01	1.8509e+01	6.3419e-01	1.6179e+00	7.5952e-01	
1958	4.8675e+01	7.5481e-01	1.0195e+00	2.4953e+00	6.1434e+00	1.4987e+01	1.8047e+01	6.2238e-01	1.6868e+00	7.5884e-01	
1959	4.8821e+01	7.6098e-01	1.0887e+00	2.4282e+00	6.0921e+00	1.5278e+01	1.8031e+01	6.2523e-01	1.6352e+00	7.1299e-01	
1960	4.9365e+01	7.6687e-01	1.0444e+00	2.5352e+00	6.0935e+00	1.5564e+01	1.8237e+01	6.3028e-01	1.6250e+00	7.0673e-01	
1961	4.8947e+01	7.4684e-01	1.0655e+00	2.5331e+00	6.1443e+00	1.5623e+01	1.7704e+01	6.2296e-01	1.6234e+00	7.2792e-01	
1962	4.9113e+01	7.3350e-01	1.0542e+00	2.4451e+00	6.1455e+00	1.5760e+01	1.7859e+01	6.4321e-01	1.5996e+00	7.1381e-01	
1963	4.8348e+01	6.8768e-01	1.0364e+00	2.4055e+00	6.0851e+00	1.5204e+01	1.7883e+01	6.3557e-01	1.5797e+00	6.7552e-01	
1964	4.8853e+01	6.6677e-01	1.0455e+00	2.4680e+00	6.1382e+00	1.5417e+01	1.8055e+01	6.3350e-01	1.5615e+00	7.1876e-01	
1965	4.8500e+01	6.7914e-01	1.0319e+00	2.3642e+00	6.2874e+00	1.5244e+01	1.7743e+01	6.3351e-01	1.6511e+00	7.0775e-01	
1966	4.8820e+01	7.3800e-01	1.1025e+00	2.3176e+00	6.2007e+00	1.5433e+01	1.8037e+01	6.1129e-01	1.5887e+00	6.6660e-01	
1967	4.8237e+01	7.2730e-01	1.0768e+00	2.3641e+00	6.0377e+00	1.5749e+01	1.7282e+01	6.3022e-01	1.5316e+00	6.7960e-01	
1968	4.8153e+01	7.2193e-01	1.1036e+00	2.2318e+00	6.0417e+00	1.5647e+01	1.7283e+01	6.4802e-01	1.5964e+00	6.9470e-01	
1969	4.8019e+01	6.9553e-01	1.0854e+00	2.2802e+00	5.9953e+00	1.5403e+01	1.7482e+01	6.3199e-01	1.5862e+00	7.4127e-01	
1971	4.8597e+01	7.6181e-01	1.1656e+00	2.2029e+00	6.1716e+00	1.5814e+01	1.7440e+01	6.7027e-01	1.5352e+00	6.9688e-01	
1970	4.8261e+01	7.5537e-01	1.1242e+00	2.3489e+00	6.1653e+00	1.5676e+01	1.7137e+01	6.4622e-01	1.5877e+00	7.0173e-01	
1972	4.8171e+01	7.0312e-01	1.1532e+00	2.1919e+00	6.1341e+00	1.5349e+01	1.7472e+01	6.7606e-01	1.5950e+00	7.2864e-01	
1973	4.8010e+01	7.6920e-01	1.1359e+00	2.2965e+00	6.1351e+00	1.5715e+01	1.6844e+01	6.5605e-01	1.5889e+00	7.2587e-01	
1974	4.8761e+01	7.5780e-01	1.2176e+00	2.3411e+00	6.0872e+00	1.5899e+01	1.7457e+01	6.7549e-01	1.4835e+00	6.9612e-01	
1975	4.8886e+01	7.1651e-01	1.1540e+00	2.2965e+00	6.2342e+00	1.6091e+01	1.7384e+01	6.2809e-01	1.4966e+00	7.3681e-01	
1976	4.9444e+01	7.7275e-01	1.1807e+00	2.3836e+00	6.1739e+00	1.6007e+01	1.7821e+01	6.3449e-01	1.5513e+00	7.3051e-01	
1977	4.9495e+01	7.1854e-01	1.2120e+00	2.4663e+00	6.3542e+00	1.5942e+01	1.7618e+01	6.4190e-01	1.6505e+00	7.1782e-01	
1978	4.9310e+01	7.1404e-01	1.1509e+00	2.5029e+00	6.3053e+00	1.5935e+01	1.7669e+01	6.3451e-01	1.5455e+00	7.2491e-01	
1979	4.8984e+01	7.2209e-01	1.1506e+00	2.3878e+00	6.4231e+00	1.5680e+01	1.7496e+01	6.4706e-01	1.5766e+00	7.4644e-01	
1980	4.8980e+01	7.3489e-01	1.2108e+00	2.4601e+00	6.3689e+00	1.5539e+01	1.7370e+01	6.3240e-01	1.7664e+00	7.2819e-01	
1981	4.9252e+01	7.7033e-01	1.1057e+00	2.5025e+00	6.3919e+00	1.5740e+01	1.7499e+01	6.4866e-01	1.6866e+00	7.6022e-01	
1982	4.8599e+01	7.1734e-01	1.1599e+00	2.3695e+00	6.3555e+00	1.5458e+01	1.7261e+01	6.8146e-01	1.6866e+00	7.4282e-01	
1983	4.8091e+01	7.0208e-01	1.1587e+00	2.5137e+00	6.4952e+00	1.5000e+01	1.6973e+01	6.9162e-01	1.6066e+00	7.8949e-01	
1984	4.8758e+01	7.5252e-01	1.1742e+00	2.5558e+00	6.2842e+00	1.5964e+01	1.6818e+01	6.8421e-01	1.6132e+00	7.5896e-01	
1985	4.8951e+01	7.8478e-01	1.2810e+00	2.5046e+00	6.2779e+00	1.5970e+01	1.6984e+01	6.7659e-01	1.5643e+00	7.6401e-01	
1986	4.8568e+01	7.4596e-01	1.2544e+00	2.3791e+00	6.3313e+00	1.5915e+01	1.6887e+01	6.5063e-01	1.5546e+00	7.1553e-01	
1987	4.8286e+01	7.0816e-01	1.1978e+00	2.5572e+00	6.4263e+00	1.5387e+01	1.6832e+01	6.2312e-01	1.6595e+00	7.2901e-01	
1988	4.8449e+01	7.7011e-01	1.1167e+00	2.5460e+00	6.3999e+00	1.5936e+01	1.6615e+01	6.5299e-01	1.5257e+00	7.2370e-01	
1989	4.8933e+01	7.3932e-01	1.1093e+00	2.4699e+00	6.2306e+00	1.6250e+01	1.7044e+01	6.9375e-01	1.5291e+00	7.1320e-01	
1990	4.8356e+01	8.2878e-01	1.2182e+00	2.5011e+00	6.2016e+00	1.5872e+01	1.6792e+01	6.6244e-01	1.4722e+00	6.7967e-01	
1991	4.8334e+01	7.4966e-01	1.2074e+00	2.3422e+00	6.1657e+00	1.5574e+01	1.7131e+01	6.3762e-01	1.6189e+00	7.7129e-01	
1992	4.7854e+01	7.4384e-01	1.1553e+00	2.4315e+00	6.1960e+00	1.5179e+01	1.6913e+01	6.4031e-01	1.7059e+00	7.4843e-01	
1993	4.8082e+01	7.7068e-01	1.1825e+00	2.5205e+00	6.1495e+00	1.5130e+01	1.7124e+01	6.9412e-01	1.6269e+00	6.9694e-01	
1994	4.8212e+01	7.4342e-01	1.2515e+00	2.4192e+00	6.2497e+00	1.5416e+01	1.7148e+01	6.5103e-01	1.4964e+00	6.8933e-01	
1995	4.8298e+01	7.7592e-01	1.2466e+00	2.3418e+00	6.3284e+00	1.5574e+01	1.7010e+01	6.4785e-01	1.5584e+00	6.9477e-01	
1997	4.8910e+01	7.3474e-01	1.1054e+00	2.3812e+00	6.4472e+00	1.5508e+01	1.7524e+01	6.4458e-01	1.6662e+00	7.4032e-01	
1998	4.8168e+01	7.7267e-01	1.0861e+00	2.4624e+00	6.4288e+00	1.5535e+01	1.6839e+01	6.6926e-01	1.5185e+00	7.3131e-01	
1996	4.8717e+01	7.6278e-01	1.1542e+00	2.5072e+00	6.3439e+00	1.5926e+01	1.7004e+01	6.3771e-01	1.5354e+00	7.2271e-01	
1999	4.9257e+01	7.1716e-01	1.1180e+00	2.3823e+00	6.2342e+00	1.6540e+01	1.7425e+01	6.7294e-01	1.3415e+00	7.2054e-01	
2000	4.9352e+01	7.6568e-01	1.1189e+00	2.4280e+00	6.2891e+00	1.6491e+01	1.7453e+01	6.4952e-01	1.3350e+00	7.1780e-01	
2001	4.8956e+01	7.7333e-01	1.1289e+00	2.4365e+00	6.3690e+00	1.6361e+01	1.7008e+01	6.2901e-01	1.4520e+00	6.9555e-01	
2002	4.8760e+01	8.2199e-01	1.0688e+00	2.3904e+00	6.3819e+00	1.6103e+01	1.6973e+01	6.0000e-01	1.6106e+00	6.8486e-01	
2003	4.9151e+01	7.6296e-01	1.0836e+00	2.5545e+00	6.4624e+00	1.6075e+01	1.6970e+01	6.6453e-01	1.6865e+00	7.2965e-01	
2004	4.8847e+01	7.6939e-01	1.0532e+00	2.4511e+00	6.3461e+00	1.6053e+01	1.6988e+01	6.9322e-01	1.6249e+00	7.1350e-01	
2005	4.8896e+01	8.1066e-01	1.0523e+00	2.3725e+00	6.3674e+00	1.5964e+01	1.7270e+01	6.5949e-01	1.5912e+00	6.7605e-01	
2006	4.9280e+01	8.0709e-01	1.0479e+00	2.3390e+00	6.2135e+00	1.6233e+01	1.7489e+01	6.6808e-01	1.6331e+00	6.8250e-01	
2007	4.8939e+01	8.2081e-01	1.0817e+00	2.3853e+00	6.3084e+00	1.6314e+01	1.7124e+01	6.4812e-01	1.4430e+00	6.6303e-01	
2009	4.8813e+01	8.0959e-01	1.1126e+00	2.4003e+00	6.1808e+00	1.6210e+01	1.7120e+01	6.4584e-01	1.5117e+00	6.8593e-01	
2008	4.9548e+01	8.2523e-01	1.0720e+00	2.4474e+00	6.1938e+00	1.6490e+01	1.7534e+01	6.4167e-01	1.4975e+00	7.0544e-01	
2010	4.9329e+01	7.8586e-01	1.0742e+00	2.5225e+00	6.4251e+00	1.6301e+01	1.7219e+01	6.5582e-01	1.5197e+00	7.1547e-01	
2011	4.9188e+01	8.1313e-01	1.1040e+00	2.3606e+00	6.2841e+00	1.6583e+01	1.7225e+01	6.4018e-01	1.4018e+00	6.5838e-01	
2012	4.9438e+01	8.2647e-01	1.1397e+00	2.4017e+00	6.1726e+00	1.6550e+01	1.7458e+01	6.4334e-01	1.3962e+00	7.1080e-01	
2013	4.9056e+01	7.6543e-01	1.1479e+00	2.4059e+00	6.2671e+00	1.6520e+01	1.7032e+01	6.2079e-01	1.4794e+00	7.1278e-01	
2014	4.8352e+01	7.7155e-01	1.1959e+00	2.4291e+00	6.1998e+00	1.6039e+01	1.6823e+01	5.9980e-01	1.4774e+00	7.0624e-01	
2015	4.8174e+01	8.0052e-01	1.2037e+00	2.3366e+00	6.3010e+00	1.5537e+01	1.7101e+01	6.0591e-01	1.5149e+00	6.5324e-01	
2016	4.8189e+01	8.2779e-01	1.2861e+00	2.5378e+00	6.2692e+00	1.5571e+01	1.6953e+01	5.9924e-01	1.3649e+00	6.4966e-01	
2017	4.8606e+01	8.1140e-01	1.2397e+00	2.3968e+00	6.1275e+00	1.5952e+01	1.7194e+01	6.4412e-01	1.4337e+00	7.0691e-01	
2018	4.8931e+01	7.7200e-01	1.1816e+00	2.3822e+00	6.0955e+00	1.6112e+01	1.7303e+01	6.4069e-01	1.5683e+00	7.5593e-01	
2019	4.8740e+01	8.1376e-01	1.1721e+00	2.4027e+00	6.1525e+00	1.5930e+01	1.7183e+01	6.2203e-01	1.6040e+00	7.0121e-01	
2020	4.8623e+01	8.1595e-01	1.1898e+00	2.2469e+00	6.1170e+00	1.6136e+01	1.6959e+01	6.7913e-01	1.6079e+00	7.4972e-01	
