year	Fer	Fer	Fer	Fer	Fer	Fer	Fer	Fer	Fer	Fer	TChl	TChl	TChl	TChl	TChl	TChl	TChl	TChl	TChl	TChl	
	0	0	0	0	0	0	0	0	0	0	0	0	0	0	0	0	0	0	0	0	
	total	Arctic	N_Atl	N_Pac	Equ_N	Equ	Equ_S	SO_Atl	SO_Pac	SO_Ind	total	Arctic	N_Atl	N_Pac	Equ_N	Equ	Equ_S	SO_Atl	SO_Pac	SO_Ind	
1948	4.7152e-01	5.5536e-01	6.3353e-01	7.4228e-01	6.2527e-01	5.0353e-01	3.9354e-01	1.8381e-01	2.0972e-01	1.8201e-01	2.7837e+02	3.4232e+02	7.7789e+02	4.7492e+02	1.8010e+02	2.1197e+02	3.3743e+02	2.2791e+02	3.0512e+02	1.8218e+02	
1949	4.9160e-01	5.5763e-01	6.4344e-01	7.6647e-01	6.3103e-01	5.4079e-01	4.1082e-01	1.9899e-01	2.2299e-01	2.0576e-01	3.0376e+02	4.3207e+02	7.1523e+02	4.5384e+02	1.8242e+02	2.4231e+02	3.4172e+02	3.3358e+02	3.9591e+02	3.2792e+02	
1950	5.1163e-01	5.6047e-01	6.4898e-01	7.7025e-01	6.6205e-01	5.4987e-01	4.4533e-01	2.0439e-01	2.3818e-01	2.1832e-01	3.1447e+02	5.0188e+02	7.7907e+02	4.9261e+02	2.0986e+02	2.4298e+02	3.6054e+02	2.8377e+02	3.5670e+02	2.9484e+02	
1951	5.1863e-01	5.5680e-01	6.5132e-01	7.7982e-01	6.7069e-01	5.5685e-01	4.4990e-01	2.1234e-01	2.5575e-01	2.2196e-01	3.1725e+02	4.9619e+02	7.0936e+02	4.9909e+02	2.0273e+02	2.4141e+02	3.6741e+02	3.1332e+02	3.9087e+02	3.0066e+02	
1952	5.3382e-01	5.5189e-01	6.3062e-01	7.9670e-01	6.6869e-01	6.0020e-01	4.5246e-01	2.1616e-01	2.7467e-01	2.2979e-01	3.2605e+02	4.4721e+02	6.5398e+02	5.4657e+02	2.0281e+02	2.7575e+02	3.5542e+02	3.0821e+02	4.1277e+02	3.2981e+02	
1953	5.3592e-01	5.4797e-01	6.0826e-01	8.2760e-01	6.7004e-01	6.0071e-01	4.5361e-01	2.2476e-01	2.7071e-01	2.3912e-01	3.2304e+02	4.3030e+02	6.3576e+02	5.4096e+02	2.0484e+02	2.7785e+02	3.4188e+02	3.3301e+02	4.0925e+02	3.4474e+02	
1954	5.1822e-01	5.4649e-01	6.0777e-01	8.4922e-01	6.7070e-01	5.5303e-01	4.4097e-01	2.3227e-01	2.5938e-01	2.4035e-01	3.1410e+02	4.4583e+02	6.9375e+02	5.6006e+02	2.0667e+02	2.4915e+02	3.3086e+02	3.5053e+02	3.9637e+02	3.4663e+02	
1955	5.1069e-01	5.4507e-01	6.0809e-01	8.6076e-01	6.7171e-01	5.2917e-01	4.3506e-01	2.3314e-01	2.6724e-01	2.4709e-01	3.1662e+02	4.8214e+02	7.3773e+02	5.5926e+02	2.1648e+02	2.4414e+02	3.3380e+02	3.3853e+02	4.0183e+02	3.4693e+02	
1956	5.0856e-01	5.4662e-01	6.0485e-01	8.6540e-01	6.6965e-01	5.2291e-01	4.3689e-01	2.2333e-01	2.6943e-01	2.4313e-01	3.0732e+02	4.3960e+02	6.5715e+02	5.5959e+02	2.1249e+02	2.4010e+02	3.2329e+02	3.1201e+02	4.0989e+02	3.2878e+02	
1957	5.0619e-01	5.4619e-01	6.0373e-01	8.7491e-01	6.7289e-01	5.1445e-01	4.3567e-01	2.2339e-01	2.6296e-01	2.4258e-01	3.0871e+02	4.5609e+02	6.7523e+02	5.5754e+02	2.1585e+02	2.3376e+02	3.2967e+02	3.2987e+02	4.0815e+02	3.1560e+02	
1958	5.0532e-01	5.4705e-01	5.9647e-01	8.7110e-01	6.7478e-01	5.1462e-01	4.3290e-01	2.2276e-01	2.6812e-01	2.4212e-01	3.0970e+02	4.3500e+02	6.7261e+02	5.6412e+02	2.1906e+02	2.4089e+02	3.2961e+02	3.1865e+02	4.0211e+02	3.0736e+02	
1959	5.0517e-01	5.4298e-01	5.9969e-01	8.7398e-01	6.8248e-01	5.0300e-01	4.3976e-01	2.1935e-01	2.7092e-01	2.3904e-01	3.0922e+02	4.4595e+02	6.8630e+02	5.5520e+02	2.2685e+02	2.2671e+02	3.3432e+02	3.1303e+02	4.0614e+02	3.1558e+02	
1960	5.0480e-01	5.4405e-01	6.0563e-01	8.6191e-01	6.8312e-01	5.0870e-01	4.3198e-01	2.2235e-01	2.7526e-01	2.4119e-01	3.0825e+02	4.4679e+02	6.9982e+02	5.3760e+02	2.2579e+02	2.3514e+02	3.3007e+02	3.1006e+02	4.0359e+02	3.0016e+02	
1961	5.0376e-01	5.4374e-01	6.0840e-01	8.5421e-01	6.8220e-01	5.0936e-01	4.3078e-01	2.1758e-01	2.6999e-01	2.3764e-01	3.0847e+02	4.8932e+02	6.8682e+02	5.5109e+02	2.2043e+02	2.3073e+02	3.2976e+02	2.9408e+02	4.1271e+02	3.0938e+02	
1962	5.0465e-01	5.4393e-01	6.1142e-01	8.5566e-01	6.8100e-01	5.0464e-01	4.3628e-01	2.3226e-01	2.6762e-01	2.3457e-01	3.1054e+02	4.5668e+02	7.6102e+02	5.2822e+02	2.2094e+02	2.2856e+02	3.3662e+02	3.4227e+02	4.1724e+02	2.9183e+02	
1963	5.0514e-01	5.4885e-01	6.1482e-01	8.4774e-01	6.7572e-01	5.0822e-01	4.3694e-01	2.3106e-01	2.7302e-01	2.3820e-01	3.0997e+02	4.1515e+02	7.4518e+02	5.1707e+02	2.1868e+02	2.3380e+02	3.3553e+02	3.3918e+02	4.1228e+02	3.0756e+02	
1964	5.0260e-01	5.4684e-01	6.1155e-01	8.4469e-01	6.6963e-01	5.0658e-01	4.3749e-01	2.2176e-01	2.6164e-01	2.3948e-01	3.1014e+02	4.8320e+02	7.3802e+02	5.2749e+02	2.1485e+02	2.3312e+02	3.3760e+02	3.0366e+02	3.9553e+02	3.1396e+02	
1965	5.0292e-01	5.4908e-01	6.0745e-01	8.6016e-01	6.7125e-01	5.0190e-01	4.3799e-01	2.2381e-01	2.6717e-01	2.4374e-01	3.1191e+02	4.5284e+02	6.8551e+02	5.4725e+02	2.1531e+02	2.3622e+02	3.4017e+02	3.1919e+02	4.0173e+02	3.2057e+02	
1966	5.0472e-01	5.4718e-01	5.9814e-01	8.5250e-01	6.7450e-01	5.0785e-01	4.3605e-01	2.1530e-01	2.8051e-01	2.4215e-01	3.0957e+02	4.8895e+02	6.2128e+02	5.3980e+02	2.1558e+02	2.3911e+02	3.3304e+02	2.8885e+02	4.1418e+02	3.1825e+02	
1967	5.0636e-01	5.4607e-01	5.9354e-01	8.4843e-01	6.7642e-01	5.1514e-01	4.3174e-01	2.2705e-01	2.7867e-01	2.4294e-01	3.1399e+02	4.7212e+02	6.6446e+02	5.3757e+02	2.1841e+02	2.4954e+02	3.3432e+02	3.0538e+02	4.0944e+02	3.2491e+02	
1968	5.0363e-01	5.4498e-01	5.9893e-01	8.3646e-01	6.7517e-01	5.1163e-01	4.3136e-01	2.3515e-01	2.6170e-01	2.3615e-01	3.1051e+02	4.6407e+02	6.5833e+02	5.3455e+02	2.1921e+02	2.4748e+02	3.3176e+02	3.3441e+02	3.8294e+02	2.9320e+02	
1969	5.0267e-01	5.4259e-01	6.1045e-01	8.4007e-01	6.7684e-01	5.0398e-01	4.3203e-01	2.3334e-01	2.5799e-01	2.3493e-01	3.0964e+02	4.7569e+02	6.2587e+02	5.4523e+02	2.1712e+02	2.3827e+02	3.3252e+02	3.3850e+02	3.8980e+02	3.0302e+02	
1970	5.0552e-01	5.4104e-01	6.1181e-01	8.5051e-01	6.7460e-01	5.1347e-01	4.3078e-01	2.2122e-01	2.6549e-01	2.4510e-01	3.1536e+02	5.0501e+02	6.8851e+02	5.3718e+02	2.1895e+02	2.4298e+02	3.3607e+02	3.0881e+02	3.9708e+02	3.2916e+02	
1971	5.0403e-01	5.4508e-01	6.2830e-01	8.4267e-01	6.7487e-01	5.0990e-01	4.2794e-01	2.1616e-01	2.7262e-01	2.4517e-01	3.1395e+02	5.0169e+02	7.4244e+02	5.2774e+02	2.2171e+02	2.3918e+02	3.3357e+02	2.9437e+02	3.9866e+02	3.2342e+02	
1972	5.0341e-01	5.4935e-01	6.2764e-01	8.3921e-01	6.7605e-01	5.0991e-01	4.2769e-01	2.1617e-01	2.7326e-01	2.4008e-01	3.1509e+02	5.0017e+02	7.6046e+02	5.4622e+02	2.2232e+02	2.4663e+02	3.3209e+02	2.8441e+02	3.9128e+02	2.9868e+02	
1973	5.0677e-01	5.5042e-01	6.2966e-01	8.5595e-01	6.8300e-01	5.1597e-01	4.2871e-01	2.2459e-01	2.6335e-01	2.3434e-01	3.1461e+02	4.6343e+02	7.1671e+02	5.7761e+02	2.2618e+02	2.4746e+02	3.3094e+02	3.1237e+02	3.8741e+02	2.8600e+02	
1974	5.0448e-01	5.4860e-01	6.3048e-01	8.5591e-01	6.8316e-01	5.1404e-01	4.2807e-01	2.3020e-01	2.5337e-01	2.2883e-01	3.0842e+02	4.6938e+02	6.6127e+02	5.3597e+02	2.2512e+02	2.3698e+02	3.3235e+02	3.4447e+02	3.6963e+02	2.7920e+02	
1975	5.0499e-01	5.4828e-01	6.3518e-01	8.5433e-01	6.7990e-01	5.0967e-01	4.3647e-01	2.2269e-01	2.5305e-01	2.3005e-01	3.0979e+02	4.4719e+02	7.1154e+02	5.6144e+02	2.2471e+02	2.3781e+02	3.3294e+02	3.3171e+02	3.6456e+02	2.8796e+02	
1976	5.0337e-01	5.4750e-01	6.3708e-01	8.5165e-01	6.7718e-01	5.0923e-01	4.3260e-01	2.2503e-01	2.4548e-01	2.3381e-01	3.0592e+02	4.6578e+02	6.1156e+02	5.5512e+02	2.2645e+02	2.3443e+02	3.3324e+02	3.2746e+02	3.4881e+02	2.8476e+02	
1977	5.0292e-01	5.4713e-01	6.2370e-01	8.5478e-01	6.7495e-01	5.1190e-01	4.2863e-01	2.2238e-01	2.4901e-01	2.3926e-01	3.1161e+02	4.6016e+02	6.3035e+02	5.6686e+02	2.2758e+02	2.4226e+02	3.3215e+02	3.2258e+02	3.7161e+02	3.1743e+02	
1978	5.0245e-01	5.4482e-01	6.1719e-01	8.5271e-01	6.7554e-01	5.0827e-01	4.2866e-01	2.2332e-01	2.6208e-01	2.4041e-01	3.1222e+02	4.7673e+02	6.3688e+02	5.5494e+02	2.2619e+02	2.4197e+02	3.2782e+02	3.3054e+02	4.0197e+02	3.2204e+02	
1979	5.0484e-01	5.4411e-01	6.1099e-01	8.4827e-01	6.7581e-01	5.0984e-01	4.3171e-01	2.2397e-01	2.7576e-01	2.5501e-01	3.1825e+02	4.7068e+02	6.0719e+02	5.3396e+02	2.2710e+02	2.4552e+02	3.3979e+02	3.3378e+02	4.1467e+02	3.7079e+02	
1980	5.1293e-01	5.4208e-01	6.0287e-01	8.3099e-01	6.7898e-01	5.1798e-01	4.5077e-01	2.2633e-01	2.8216e-01	2.5398e-01	3.3066e+02	4.5363e+02	5.9596e+02	5.4165e+02	2.3016e+02	2.6532e+02	3.6578e+02	3.3022e+02	4.0913e+02	3.5105e+02	
1981	5.1850e-01	5.4091e-01	6.0950e-01	8.2391e-01	6.7966e-01	5.3820e-01	4.4989e-01	2.2708e-01	2.8788e-01	2.5474e-01	3.2259e+02	4.7396e+02	6.0222e+02	5.4795e+02	2.2765e+02	2.7578e+02	3.2645e+02	3.3081e+02	4.1635e+02	3.5777e+02	
1982	5.0756e-01	5.4187e-01	6.0974e-01	8.1876e-01	6.7413e-01	5.3058e-01	4.2473e-01	2.3132e-01	2.8591e-01	2.5060e-01	3.1290e+02	4.7216e+02	6.0619e+02	5.4224e+02	2.1977e+02	2.6013e+02	3.1664e+02	3.2465e+02	4.1217e+02	3.4000e+02	
1983	4.9476e-01	5.4089e-01	6.0752e-01	7.9739e-01	6.7904e-01	5.1278e-01	4.0236e-01	2.3720e-01	2.6698e-01	2.4468e-01	2.9970e+02	4.5041e+02	6.1625e+02	5.1238e+02	2.2710e+02	2.4561e+02	2.9378e+02	3.4210e+02	3.7336e+02	3.2136e+02	
1984	4.8838e-01	5.3872e-01	6.0230e-01	7.6913e-01	6.7573e-01	5.0968e-01	3.9212e-01	2.3753e-01	2.5774e-01	2.4244e-01	2.9808e+02	4.4022e+02	5.7246e+02	5.1242e+02	2.2333e+02	2.4649e+02	2.9745e+02	3.5637e+02	3.6143e+02	3.1765e+02	
1985	4.8605e-01	5.3442e-01	6.0880e-01	7.5975e-01	6.7234e-01	5.0935e-01	3.9085e-01	2.2917e-01	2.4930e-01	2.3971e-01	2.9488e+02	4.5471e+02	5.7479e+02	5.4423e+02	2.2218e+02	2.4257e+02	2.9174e+02	3.4231e+02	3.3708e+02	3.1669e+02	
1986	4.8628e-01	5.3180e-01	6.1221e-01	7.5468e-01	6.7591e-01	5.0772e-01	3.9407e-01	2.2898e-01	2.3968e-01	2.3966e-01	2.9849e+02	4.9017e+02	6.6125e+02	5.1611e+02	2.2682e+02	2.3992e+02	3.0022e+02	3.3568e+02	3.2715e+02	3.0839e+02	
1987	4.8792e-01	5.2873e-01	6.0770e-01	7.3935e-01	6.7776e-01	5.0570e-01	4.0266e-01	2.2354e-01	2.4272e-01	2.3617e-01	2.9783e+02	5.3160e+02	6.4243e+02	5.1651e+02	2.2031e+02	2.3572e+02	3.0375e+02	3.2859e+02	3.4159e+02	2.9916e+02	
1988	4.9140e-01	5.2956e-01	6.0653e-01	7.4409e-01	6.8004e-01	5.0906e-01	4.0868e-01	2.1745e-01	2.4894e-01	2.3569e-01	3.0165e+02	5.0909e+02	6.0970e+02	5.4373e+02	2.2941e+02	2.3599e+02	3.1015e+02	3.0041e+02	3.4928e+02	3.2081e+02	
1989	4.9255e-01	5.2959e-01	5.9898e-01	7.5852e-01	6.7807e-01	5.0159e-01	4.1932e-01	2.2459e-01	2.4074e-01	2.3476e-01	3.0137e+02	4.4643e+02	5.4106e+02	5.4367e+02	2.2700e+02	2.3527e+02	3.2124e+02	3.3848e+02	3.4044e+02	3.1000e+02	
1990	5.0108e-01	5.2383e-01	5.9380e-01	7.6231e-01	6.8117e-01	5.1111e-01	4.3492e-01	2.2494e-01	2.4633e-01	2.3917e-01	3.1489e+02	4.7641e+02	5.9405e+02	5.4395e+02	2.3465e+02	2.5270e+02	3.3334e+02	3.3444e+02	3.5855e+02	3.1761e+02	
1991	5.0898e-01	5.2609e-01	5.9598e-01	7.5474e-01	6.7968e-01	5.2488e-01	4.4878e-01	2.2005e-01	2.5353e-01	2.3639e-01	3.1583e+02	4.9968e+02	5.6912e+02	5.3843e+02	2.2445e+02	2.5616e+02	3.4507e+02	3.1015e+02	3.5332e+02	3.0917e+02	
1992	5.0213e-01	5.2665e-01	5.9902e-01	7.5187e-01	6.8060e-01	5.1246e-01	4.3953e-01	2.2064e-01	2.4472e-01	2.2980e-01	3.0631e+02	4.6461e+02	5.4928e+02	5.3422e+02	2.2501e+02	2.4091e+02	3.3505e+02	3.1736e+02	3.4976e+02	3.0436e+02	
1993	5.0314e-01	5.2331e-01	5.9706e-01	7.4831e-01	6.8815e-01	5.1996e-01	4.3275e-01	2.2361e-01	2.5168e-01	2.3174e-01	3.1523e+02	4.5138e+02	5.4970e+02	5.3769e+02	2.3429e+02	2.6138e+02	3.3373e+02	3.3517e+02	3.7519e+02	3.1248e+02	
1994	5.1868e-01	5.2456e-01	5.9761e-01	7.4240e-01	6.8198e-01	5.5378e-01	4.5522e-01	2.2751e-01	2.5978e-01	2.2554e-01	3.3128e+02	4.2430e+02	5.5964e+02	5.2342e+02	2.2713e+02	2.9651e+02	3.6369e+02	3.3118e+02	3.8005e+02	2.8565e+02	
1995	5.2114e-01	5.2378e-01	5.9723e-01	7.3921e-01	6.7476e-01	5.5336e-01	4.6710e-01	2.3098e-01	2.5152e-01	2.2532e-01	3.2006e+02	4.8684e+02	5.7088e+02	5.3558e+02	2.1697e+02	2.7201e+02	3.4915e+02	3.3204e+02	3.5347e+02	2.8988e+02	
1996	4.9909e-01	5.2602e-01	5.9811e-01	7.3656e-01	6.7703e-01	5.2163e-01	4.2346e-01	2.3126e-01	2.4713e-01	2.2545e-01	2.9800e+02	4.5024e+02	5.8259e+02	5.2585e+02	2.2003e+02	2.4581e+02	3.0203e+02	3.2580e+02	3.6330e+02	2.9490e+02	
1997	4.8995e-01	5.2528e-01	6.0220e-01	7.4050e-01	6.7518e-01	5.1119e-01	4.0142e-01	2.3091e-01	2.5480e-01	2.3523e-01	2.9919e+02	4.2270e+02	5.3427e+02	5.3436e+02	2.2319e+02	2.3868e+02	3.0723e+02	3.3587e+02	3.8017e+02	3.3488e+02	
1998	4.8898e-01	5.2636e-01	6.0116e-01	7.4622e-01	6.7417e-01	5.1198e-01	3.9817e-01	2.2824e-01	2.5889e-01	2.3442e-01	2.9876e+02	4.8131e+02	5.6487e+02	5.3725e+02	2.1934e+02	2.4466e+02	2.9352e+02	3.3334e+02	3.7623e+02	3.3972e+02	
1999	4.8923e-01	5.2865e-01	5.9958e-01	7.6229e-01	6.6721e-01	5.0912e-01	4.0115e-01	2.3524e-01	2.5713e-01	2.4063e-01	3.0018e+02	4.4081e+02	5.7450e+02	5.5028e+02	2.0963e+02	2.4298e+02	3.0264e+02	3.6179e+02	3.7802e+02	3.4125e+02	
2000	4.9828e-01	5.2944e-01	6.0215e-01	7.7085e-01	6.6872e-01	5.1026e-01	4.2742e-01	2.3252e-01	2.5286e-01	2.4386e-01	3.1154e+02	4.5869e+02	5.5710e+02	5.3798e+02	2.1343e+02	2.5174e+02	3.3167e+02	3.4541e+02	3.7164e+02	3.5052e+02	
2001	5.0641e-01	5.2611e-01	6.0791e-01	7.6697e-01	6.7087e-01	5.1812e-01	4.4219e-01	2.3045e-01	2.6755e-01	2.4938e-01	3.0992e+02	4.6580e+02	5.5200e+02	5.4514e+02	2.1678e+02	2.3768e+02	3.2963e+02	3.3984e+02	4.0095e+02	3.6103e+02	
2002	5.0104e-01	5.2623e-01	6.0767e-01	7.7206e-01	6.7155e-01	5.1261e-01	4.2935e-01	2.3038e-01	2.7287e-01	2.4004e-01	3.0007e+02	4.4668e+02	5.1007e+02	5.5129e+02	2.1370e+02	2.3327e+02	3.1762e+02	3.4213e+02	3.8249e+02	3.3424e+02	
2003	5.0319e-01	5.2577e-01	6.0152e-01	7.8222e-01	6.6439e-01	5.1508e-01	4.3978e-01	2.3742e-01	2.6253e-01	2.3299e-01	3.0659e+02	4.2622e+02	4.8837e+02	5.4475e+02	2.1111e+02	2.5096e+02	3.3040e+02	3.4847e+02	3.7460e+02	3.2291e+02	
2004	5.1558e-01	5.2409e-01	5.9394e-01	7.7896e-01	6.6180e-01	5.3053e-01	4.6713e-01	2.2488e-01	2.6691e-01	2.4311e-01	3.1969e+02	4.3335e+02	5.0188e+02	5.3129e+02	2.0425e+02	2.6852e+02	3.5660e+02	3.1801e+02	3.8604e+02	3.5629e+02	
2005	5.1965e-01	5.2377e-01	5.9512e-01	7.6589e-01	6.6126e-01	5.4547e-01	4.6505e-01	2.2536e-01	2.7072e-01	2.4642e-01	3.0987e+02	4.1312e+02	5.5016e+02	5.1163e+02	2.0469e+02	2.5905e+02	3.3254e+02	3.2178e+02	3.8901e+02	3.5156e+02	
2006	5.0225e-01	5.2117e-01	5.8920e-01	7.6330e-01	6.6050e-01	5.2453e-01	4.3271e-01	2.2845e-01	2.5806e-01	2.4046e-01	2.9693e+02	4.6332e+02	5.4969e+02	5.3807e+02	2.0490e+02	2.3908e+02	3.0405e+02	3.3361e+02	3.6013e+02	3.4668e+02	
2007	4.9130e-01	5.2658e-01	5.9622e-01	7.5912e-01	6.6430e-01	5.0692e-01	4.1062e-01	2.3027e-01	2.5773e-01	2.5011e-01	2.9268e+02	4.5624e+02	5.2631e+02	5.3129e+02	2.0822e+02	2.2893e+02	2.9383e+02	3.4255e+02	3.7944e+02	3.7766e+02	
2008	4.9041e-01	5.3198e-01	6.0135e-01	7.4521e-01	6.6072e-01	5.1323e-01	4.0476e-01	2.1981e-01	2.6370e-01	2.5057e-01	2.9710e+02	4.3178e+02	5.5070e+02	5.2060e+02	2.0676e+02	2.4379e+02	3.0110e+02	3.2037e+02	3.8768e+02	3.6937e+02	
2009	4.8795e-01	5.3408e-01	5.9599e-01	7.3830e-01	6.5373e-01	5.1011e-01	4.0737e-01	2.2262e-01	2.4933e-01	2.4624e-01	2.9340e+02	4.5604e+02	5.6350e+02	5.2376e+02	1.9500e+02	2.3728e+02	3.0247e+02	3.3837e+02	3.6036e+02	3.6714e+02	
2010	4.8386e-01	5.3061e-01	5.9079e-01	7.3430e-01	6.4949e-01	4.9747e-01	4.0859e-01	2.2465e-01	2.4947e-01	2.4072e-01	2.9009e+02	4.5392e+02	5.2438e+02	5.3385e+02	1.9619e+02	2.2748e+02	3.0017e+02	3.4841e+02	3.7029e+02	3.5608e+02	
2011	4.8471e-01	5.2903e-01	5.8525e-01	7.3795e-01	6.4929e-01	4.9756e-01	4.1014e-01	2.1872e-01	2.5795e-01	2.4359e-01	2.9061e+02	4.6107e+02	5.2481e+02	5.4262e+02	1.9750e+02	2.2335e+02	3.0174e+02	3.1096e+02	3.8178e+02	3.7322e+02	
2012	4.8700e-01	5.3496e-01	5.8510e-01	7.4337e-01	6.5437e-01	4.9497e-01	4.1636e-01	2.0988e-01	2.6637e-01	2.4067e-01	2.9091e+02	4.3098e+02	5.3899e+02	5.4030e+02	2.0450e+02	2.1669e+02	3.0763e+02	3.0931e+02	3.9669e+02	3.6023e+02	
2013	4.8623e-01	5.3519e-01	5.8653e-01	7.4901e-01	6.4923e-01	4.9100e-01	4.1730e-01	2.2119e-01	2.6772e-01	2.4090e-01	2.8890e+02	4.6062e+02	5.3992e+02	5.4236e+02	1.9598e+02	2.1084e+02	3.0329e+02	3.3883e+02	3.9955e+02	3.7354e+02	
2014	4.8413e-01	5.3580e-01	5.8428e-01	7.4956e-01	6.4702e-01	4.8736e-01	4.1491e-01	2.3061e-01	2.6164e-01	2.3991e-01	2.8678e+02	4.2929e+02	5.4073e+02	5.2954e+02	1.8894e+02	2.0917e+02	3.0500e+02	3.6181e+02	3.9514e+02	3.6879e+02	
2015	4.8638e-01	5.3664e-01	5.8826e-01	7.4918e-01	6.4911e-01	4.9134e-01	4.1707e-01	2.2767e-01	2.5969e-01	2.4159e-01	2.8851e+02	4.2451e+02	5.8495e+02	5.2156e+02	1.8808e+02	2.1820e+02	3.0170e+02	3.4740e+02	3.8838e+02	3.8888e+02	
2016	4.8608e-01	5.3672e-01	5.9158e-01	7.4867e-01	6.4816e-01	4.9133e-01	4.1621e-01	2.2183e-01	2.6003e-01	2.4839e-01	2.9141e+02	4.7421e+02	5.9663e+02	5.2861e+02	1.8842e+02	2.1650e+02	3.0362e+02	3.4464e+02	3.9148e+02	3.9906e+02	
2017	4.8275e-01	5.3659e-01	5.9124e-01	7.5440e-01	6.4439e-01	4.8746e-01	4.1224e-01	2.1291e-01	2.5572e-01	2.4532e-01	2.8478e+02	4.4741e+02	5.7316e+02	5.3394e+02	1.8614e+02	2.1419e+02	2.9535e+02	3.3179e+02	3.7546e+02	3.8470e+02	
2018	4.8129e-01	5.3537e-01	5.9383e-01	7.5552e-01	6.4768e-01	4.8520e-01	4.0667e-01	2.2145e-01	2.5779e-01	2.4544e-01	2.8345e+02	4.6458e+02	6.3430e+02	5.3682e+02	1.9387e+02	2.0682e+02	2.8547e+02	3.4656e+02	3.8088e+02	3.6462e+02	
2019	4.7910e-01	5.3146e-01	5.9500e-01	7.4423e-01	6.4732e-01	4.8438e-01	4.0101e-01	2.2354e-01	2.6086e-01	2.4862e-01	2.8218e+02	4.6181e+02	5.9642e+02	5.1648e+02	1.8966e+02	2.1090e+02	2.8313e+02	3.4214e+02	3.8979e+02	3.7115e+02	
2020	4.8388e-01	5.3038e-01	5.9997e-01	7.4480e-01	6.4828e-01	4.8999e-01	4.0781e-01	2.2099e-01	2.7349e-01	2.5534e-01	2.8536e+02	4.5004e+02	6.1373e+02	5.3285e+02	1.9190e+02	2.1050e+02	2.8693e+02	3.4280e+02	4.0761e+02	3.7819e+02	
1948	4.7158e-01	5.5529e-01	6.3335e-01	7.4150e-01	6.2577e-01	5.0332e-01	3.9382e-01	1.8365e-01	2.0964e-01	1.8202e-01	2.7897e+02	3.4517e+02	7.7705e+02	4.7370e+02	1.8054e+02	2.1196e+02	3.3939e+02	2.2766e+02	3.0487e+02	1.8134e+02	
1949	4.5243e-01	5.0705e-01	5.7618e-01	7.0414e-01	5.8163e-01	5.0355e-01	3.7411e-01	1.8238e-01	2.1062e-01	1.8195e-01	2.8908e+02	4.2473e+02	6.3265e+02	4.7813e+02	1.8011e+02	2.5127e+02	3.0644e+02	3.1287e+02	3.6483e+02	2.8894e+02	
1950	8.5681e-02	9.5395e-02	1.1151e-01	1.3744e-01	1.0932e-01	9.3787e-02	7.2747e-02	3.3190e-02	3.8861e-02	3.5472e-02	5.1363e+01	1.1548e+00	4.8620e+01	6.7633e+01	2.9585e+01	4.1616e+01	7.6038e+01	5.6501e+01	6.5215e+01	3.4494e+01	
1951	4.9048e-01	5.0591e-01	5.7347e-01	7.2877e-01	6.1670e-01	5.5970e-01	4.1884e-01	1.9374e-01	2.2313e-01	1.9746e-01	3.1086e+02	4.6941e+02	6.9757e+02	4.9202e+02	2.0433e+02	2.8140e+02	3.3545e+02	2.7296e+02	3.4160e+02	2.5839e+02	
1952	5.4137e-01	5.5398e-01	6.2562e-01	7.9621e-01	6.8297e-01	6.1302e-01	4.6318e-01	2.1604e-01	2.7466e-01	2.2937e-01	3.4084e+02	4.4277e+02	6.4565e+02	5.4469e+02	2.1577e+02	3.1348e+02	3.6749e+02	3.0818e+02	4.1334e+02	3.2942e+02	
1953	5.6413e-01	5.4977e-01	6.0313e-01	8.2315e-01	7.2349e-01	6.4704e-01	4.7821e-01	2.2481e-01	2.7075e-01	2.3871e-01	3.3985e+02	4.1716e+02	6.2009e+02	5.3403e+02	2.2702e+02	3.1515e+02	3.5469e+02	3.3515e+02	4.0910e+02	3.4288e+02	
1954	5.3924e-01	5.4752e-01	6.0421e-01	8.4611e-01	7.0309e-01	6.0574e-01	4.4113e-01	2.3211e-01	2.5922e-01	2.4005e-01	3.2371e+02	4.4920e+02	6.9591e+02	5.5923e+02	2.2318e+02	2.7511e+02	3.2779e+02	3.4858e+02	3.9499e+02	3.4639e+02	
1955	5.1864e-01	5.4679e-01	6.0417e-01	8.6311e-01	6.8990e-01	5.5662e-01	4.2340e-01	2.3275e-01	2.6727e-01	2.4611e-01	3.1953e+02	4.8579e+02	7.4304e+02	5.6441e+02	2.2797e+02	2.5816e+02	3.2145e+02	3.3640e+02	4.0162e+02	3.4746e+02	
1956	5.1147e-01	5.4814e-01	6.0364e-01	8.6981e-01	6.8602e-01	5.3671e-01	4.2346e-01	2.2301e-01	2.6919e-01	2.4165e-01	3.1112e+02	4.2836e+02	6.4063e+02	5.5844e+02	2.2428e+02	2.5503e+02	3.1838e+02	3.0719e+02	4.0915e+02	3.2601e+02	
1957	5.0752e-01	5.4754e-01	6.0336e-01	8.7105e-01	6.7873e-01	5.2397e-01	4.2906e-01	2.2296e-01	2.6251e-01	2.4092e-01	3.0817e+02	4.6605e+02	6.7222e+02	5.3668e+02	2.1542e+02	2.4188e+02	3.2426e+02	3.2780e+02	4.0577e+02	3.1088e+02	
1958	5.0362e-01	5.4957e-01	5.9609e-01	8.5424e-01	6.6612e-01	5.2005e-01	4.2962e-01	2.2228e-01	2.6767e-01	2.4089e-01	3.0919e+02	4.2363e+02	6.6038e+02	5.5183e+02	2.1188e+02	2.4756e+02	3.3163e+02	3.1532e+02	3.9799e+02	3.0322e+02	
1959	5.0831e-01	5.4614e-01	5.9917e-01	8.5460e-01	6.6592e-01	5.0981e-01	4.5512e-01	2.1924e-01	2.7012e-01	2.3795e-01	3.1715e+02	4.2681e+02	6.8017e+02	5.3665e+02	2.1370e+02	2.4033e+02	3.6129e+02	3.0930e+02	4.0233e+02	3.1182e+02	
1960	5.1389e-01	5.4776e-01	6.0716e-01	8.4804e-01	6.6081e-01	5.2240e-01	4.6253e-01	2.2274e-01	2.7446e-01	2.4002e-01	3.1939e+02	4.4755e+02	6.8700e+02	5.4028e+02	2.0893e+02	2.5942e+02	3.5530e+02	3.0561e+02	4.0080e+02	2.9813e+02	
1961	5.1208e-01	5.4743e-01	6.0773e-01	8.5316e-01	6.5964e-01	5.3048e-01	4.5029e-01	2.1850e-01	2.6885e-01	2.3631e-01	3.1466e+02	4.8215e+02	6.7428e+02	5.4964e+02	2.0822e+02	2.5348e+02	3.3906e+02	2.8919e+02	4.0939e+02	3.0688e+02	
1962	5.0500e-01	5.4649e-01	6.0703e-01	8.5443e-01	6.5868e-01	5.2083e-01	4.3401e-01	2.3231e-01	2.6669e-01	2.3328e-01	3.0966e+02	4.6736e+02	7.4206e+02	5.2469e+02	2.0547e+02	2.4751e+02	3.2524e+02	3.3941e+02	4.1369e+02	2.8829e+02	
1963	4.9755e-01	5.5255e-01	6.0418e-01	8.4846e-01	6.5406e-01	5.1525e-01	4.1608e-01	2.3141e-01	2.7233e-01	2.3681e-01	3.0352e+02	4.3610e+02	7.0423e+02	5.1800e+02	2.1046e+02	2.3831e+02	3.1600e+02	3.3358e+02	4.0877e+02	3.0496e+02	
1964	4.9611e-01	5.5029e-01	5.9984e-01	8.4561e-01	6.5086e-01	5.1500e-01	4.1806e-01	2.2288e-01	2.6059e-01	2.3816e-01	3.0396e+02	4.6344e+02	7.1288e+02	5.2786e+02	2.0474e+02	2.3629e+02	3.2521e+02	2.9775e+02	3.9191e+02	3.1189e+02	
1965	4.9833e-01	5.5046e-01	6.0063e-01	8.5572e-01	6.5231e-01	5.0857e-01	4.2673e-01	2.2475e-01	2.6648e-01	2.4232e-01	3.0717e+02	4.3594e+02	6.6424e+02	5.4627e+02	2.0491e+02	2.3788e+02	3.3131e+02	3.1569e+02	4.0000e+02	3.1939e+02	
1966	5.0229e-01	5.4782e-01	5.9387e-01	8.5096e-01	6.5720e-01	5.1558e-01	4.3133e-01	2.1636e-01	2.8007e-01	2.4021e-01	3.0904e+02	4.8682e+02	6.1159e+02	5.4114e+02	2.0827e+02	2.4379e+02	3.3320e+02	2.8462e+02	4.1326e+02	3.1773e+02	
1967	5.0404e-01	5.4705e-01	5.8959e-01	8.4902e-01	6.6094e-01	5.1980e-01	4.3129e-01	2.2837e-01	2.7728e-01	2.4119e-01	3.1039e+02	4.8452e+02	6.4990e+02	5.3755e+02	2.1047e+02	2.4592e+02	3.3218e+02	3.0273e+02	4.0756e+02	3.2101e+02	
1968	4.9927e-01	5.4690e-01	5.9220e-01	8.3648e-01	6.5527e-01	5.1365e-01	4.2947e-01	2.3647e-01	2.6050e-01	2.3479e-01	3.0653e+02	4.6829e+02	6.6317e+02	5.3455e+02	2.0375e+02	2.4768e+02	3.2907e+02	3.2831e+02	3.7985e+02	2.8891e+02	
1969	4.9700e-01	5.4483e-01	5.9262e-01	8.3819e-01	6.5366e-01	5.0621e-01	4.3032e-01	2.3447e-01	2.5630e-01	2.3410e-01	3.0427e+02	4.6857e+02	6.0191e+02	5.4637e+02	2.0201e+02	2.4084e+02	3.2958e+02	3.3447e+02	3.8625e+02	2.9588e+02	
1970	5.0412e-01	5.4193e-01	5.9095e-01	8.4382e-01	6.5457e-01	5.2007e-01	4.3950e-01	2.2266e-01	2.6346e-01	2.4442e-01	3.1702e+02	4.8785e+02	6.2499e+02	5.2883e+02	2.0191e+02	2.5937e+02	3.5041e+02	3.0200e+02	3.9375e+02	3.2680e+02	
1971	5.1202e-01	5.4354e-01	5.9653e-01	8.3808e-01	6.5705e-01	5.2530e-01	4.5745e-01	2.1765e-01	2.7154e-01	2.4477e-01	3.2140e+02	5.0463e+02	7.3311e+02	5.2297e+02	2.0411e+02	2.5647e+02	3.5650e+02	2.8923e+02	4.0251e+02	3.2309e+02	
1972	5.0657e-01	5.4794e-01	6.0133e-01	8.3811e-01	6.5747e-01	5.2573e-01	4.3776e-01	2.1700e-01	2.7616e-01	2.4027e-01	3.1028e+02	5.0087e+02	7.4466e+02	5.3984e+02	2.0557e+02	2.4951e+02	3.2731e+02	2.7903e+02	4.0653e+02	2.9439e+02	
1973	4.9915e-01	5.5073e-01	5.9768e-01	8.5738e-01	6.6483e-01	5.1814e-01	4.1440e-01	2.2608e-01	2.7091e-01	2.3492e-01	3.0311e+02	4.7522e+02	7.0444e+02	5.7987e+02	2.1336e+02	2.3352e+02	3.1419e+02	3.0830e+02	4.1135e+02	2.7919e+02	
1974	4.9465e-01	5.4842e-01	6.0316e-01	8.6642e-01	6.6276e-01	5.1609e-01	4.0432e-01	2.3265e-01	2.6517e-01	2.2807e-01	2.9843e+02	4.7967e+02	6.4465e+02	5.3959e+02	2.1036e+02	2.3729e+02	3.0587e+02	3.4505e+02	3.9225e+02	2.7514e+02	
1975	4.9326e-01	5.4704e-01	5.9974e-01	8.5930e-01	6.5889e-01	5.1212e-01	4.0709e-01	2.2531e-01	2.6389e-01	2.2960e-01	2.9763e+02	4.4556e+02	6.8041e+02	5.5839e+02	2.0817e+02	2.3751e+02	3.0577e+02	3.2854e+02	3.8183e+02	2.8394e+02	
1976	4.9240e-01	5.4517e-01	5.9299e-01	8.5364e-01	6.5679e-01	5.1138e-01	4.0691e-01	2.2847e-01	2.5603e-01	2.3323e-01	2.9656e+02	4.6714e+02	5.7269e+02	5.5800e+02	2.1145e+02	2.3338e+02	3.1407e+02	3.2307e+02	3.6244e+02	2.8500e+02	
1977	4.9507e-01	5.4767e-01	5.8954e-01	8.5344e-01	6.5218e-01	5.1207e-01	4.1675e-01	2.2631e-01	2.5779e-01	2.3833e-01	3.0426e+02	4.7076e+02	6.0428e+02	5.6384e+02	2.0802e+02	2.4179e+02	3.2103e+02	3.1777e+02	3.8395e+02	3.2029e+02	
1978	4.9768e-01	5.4563e-01	5.8880e-01	8.5380e-01	6.5241e-01	5.0828e-01	4.2749e-01	2.2720e-01	2.6870e-01	2.3930e-01	3.0925e+02	4.7095e+02	6.1502e+02	5.5811e+02	2.0717e+02	2.4368e+02	3.3060e+02	3.2307e+02	4.1479e+02	3.1944e+02	
1979	5.0219e-01	5.4470e-01	5.8066e-01	8.5378e-01	6.5253e-01	5.1074e-01	4.3646e-01	2.2843e-01	2.8117e-01	2.5427e-01	3.1545e+02	4.6692e+02	5.6850e+02	5.3611e+02	2.0841e+02	2.4918e+02	3.4225e+02	3.2873e+02	4.2548e+02	3.7128e+02	
1980	5.1436e-01	5.4399e-01	5.7359e-01	8.4152e-01	6.5704e-01	5.2212e-01	4.6443e-01	2.2961e-01	2.8572e-01	2.5342e-01	3.2940e+02	4.5048e+02	5.5705e+02	5.5275e+02	2.1344e+02	2.6935e+02	3.7271e+02	3.2880e+02	4.0812e+02	3.4904e+02	
1981	5.1953e-01	5.4272e-01	5.8530e-01	8.4015e-01	6.5656e-01	5.4332e-01	4.6039e-01	2.2986e-01	2.8986e-01	2.5419e-01	3.2025e+02	4.4704e+02	5.8805e+02	5.5337e+02	2.0916e+02	2.8187e+02	3.2828e+02	3.3144e+02	4.1705e+02	3.5431e+02	
1982	5.0435e-01	5.4133e-01	5.8786e-01	8.4902e-01	6.5344e-01	5.2978e-01	4.2414e-01	2.3390e-01	2.8675e-01	2.4980e-01	3.0861e+02	4.5263e+02	5.6394e+02	5.6696e+02	2.0574e+02	2.6124e+02	3.1469e+02	3.2380e+02	4.1026e+02	3.3722e+02	
1983	4.9200e-01	5.4109e-01	5.8432e-01	8.5277e-01	6.5561e-01	5.1278e-01	4.0158e-01	2.3956e-01	2.6693e-01	2.4382e-01	2.9475e+02	4.3712e+02	5.7035e+02	5.3440e+02	2.0704e+02	2.4934e+02	2.9245e+02	3.4292e+02	3.7076e+02	3.1821e+02	
1984	4.8584e-01	5.4109e-01	5.8172e-01	8.3818e-01	6.5120e-01	5.0824e-01	3.9182e-01	2.3950e-01	2.5830e-01	2.4146e-01	2.9462e+02	4.5367e+02	5.5723e+02	5.4325e+02	2.0360e+02	2.4509e+02	2.9844e+02	3.5520e+02	3.5797e+02	3.1469e+02	
1985	4.8326e-01	5.3802e-01	5.8499e-01	8.2647e-01	6.4760e-01	5.0658e-01	3.9108e-01	2.3134e-01	2.5040e-01	2.3888e-01	2.9022e+02	4.3774e+02	5.3630e+02	5.5211e+02	2.0466e+02	2.4183e+02	2.9409e+02	3.3826e+02	3.3643e+02	3.1370e+02	
1986	4.8127e-01	5.3523e-01	5.8729e-01	8.0162e-01	6.5222e-01	5.0185e-01	3.9175e-01	2.3155e-01	2.4129e-01	2.3910e-01	2.9368e+02	4.7055e+02	6.2732e+02	5.1887e+02	2.0729e+02	2.4190e+02	3.0149e+02	3.3258e+02	3.2628e+02	3.0491e+02	
1987	4.8376e-01	5.3333e-01	5.8568e-01	7.6776e-01	6.5633e-01	5.0509e-01	3.9942e-01	2.2616e-01	2.4422e-01	2.3583e-01	2.9484e+02	5.1995e+02	5.8306e+02	5.1417e+02	2.0529e+02	2.4354e+02	3.0422e+02	3.2662e+02	3.4115e+02	2.9616e+02	
1988	4.8608e-01	5.3158e-01	5.8470e-01	7.5626e-01	6.5518e-01	5.1026e-01	4.0429e-01	2.2040e-01	2.4968e-01	2.3534e-01	2.9525e+02	4.8187e+02	5.7897e+02	5.3341e+02	2.0618e+02	2.3989e+02	3.0834e+02	2.9835e+02	3.4821e+02	3.1886e+02	
1989	4.8942e-01	5.2901e-01	5.7935e-01	7.6205e-01	6.5457e-01	5.0651e-01	4.1967e-01	2.2761e-01	2.4124e-01	2.3489e-01	3.0282e+02	4.2918e+02	5.0784e+02	5.3637e+02	2.1028e+02	2.4875e+02	3.3186e+02	3.3584e+02	3.3855e+02	3.0935e+02	
1990	5.0680e-01	5.2607e-01	5.7725e-01	7.6575e-01	6.6183e-01	5.2428e-01	4.5365e-01	2.2668e-01	2.4719e-01	2.3887e-01	3.2261e+02	4.5974e+02	5.6101e+02	5.4313e+02	2.1948e+02	2.7074e+02	3.5689e+02	3.3246e+02	3.5767e+02	3.1659e+02	
1991	5.1055e-01	5.2883e-01	5.8162e-01	7.5862e-01	6.5868e-01	5.3610e-01	4.5583e-01	2.2217e-01	2.5430e-01	2.3622e-01	3.1298e+02	4.7514e+02	5.4829e+02	5.3249e+02	2.0826e+02	2.6709e+02	3.4269e+02	3.0608e+02	3.4927e+02	3.0733e+02	
1992	4.9407e-01	5.2675e-01	5.8853e-01	7.5245e-01	6.5908e-01	5.1430e-01	4.2521e-01	2.2241e-01	2.4466e-01	2.3003e-01	2.9954e+02	4.5138e+02	5.2927e+02	5.3116e+02	2.1008e+02	2.5183e+02	3.1742e+02	3.1606e+02	3.4429e+02	3.0187e+02	
1993	4.8805e-01	5.2456e-01	5.8009e-01	7.4778e-01	6.6615e-01	5.1020e-01	4.0706e-01	2.2461e-01	2.5422e-01	2.3165e-01	2.9717e+02	4.3559e+02	4.9655e+02	5.3352e+02	2.1510e+02	2.4195e+02	3.1152e+02	3.3198e+02	3.7937e+02	3.0999e+02	
1994	4.8391e-01	5.2624e-01	5.7869e-01	7.4093e-01	6.6031e-01	5.1031e-01	3.9630e-01	2.2845e-01	2.6265e-01	2.2566e-01	2.9363e+02	4.4451e+02	5.1365e+02	5.2219e+02	2.0886e+02	2.3968e+02	3.0835e+02	3.2806e+02	3.8351e+02	2.8185e+02	
1995	4.7991e-01	5.2600e-01	5.7991e-01	7.3465e-01	6.5514e-01	5.0197e-01	3.9482e-01	2.3266e-01	2.5430e-01	2.2513e-01	2.9044e+02	4.9126e+02	5.1944e+02	5.3336e+02	2.0074e+02	2.3514e+02	3.0302e+02	3.3085e+02	3.5852e+02	2.8549e+02	
1996	4.8008e-01	5.2690e-01	5.7258e-01	7.3134e-01	6.5636e-01	5.0221e-01	3.9533e-01	2.3316e-01	2.5122e-01	2.2570e-01	2.8855e+02	4.8521e+02	5.2229e+02	5.2585e+02	2.0383e+02	2.3210e+02	2.9713e+02	3.2162e+02	3.7160e+02	2.8797e+02	
1997	4.8451e-01	5.2768e-01	5.6194e-01	7.3564e-01	6.5361e-01	5.0687e-01	4.0385e-01	2.3248e-01	2.6283e-01	2.3503e-01	2.9306e+02	4.3536e+02	4.5906e+02	5.2762e+02	2.0534e+02	2.3533e+02	3.0812e+02	3.2754e+02	3.9587e+02	3.2599e+02	
1998	4.8545e-01	5.2874e-01	5.6059e-01	7.4106e-01	6.4873e-01	5.1059e-01	4.0666e-01	2.3042e-01	2.6628e-01	2.3320e-01	2.9606e+02	4.9787e+02	4.9753e+02	5.3228e+02	1.9724e+02	2.4149e+02	3.0877e+02	3.2472e+02	3.8508e+02	3.3058e+02	
1999	4.8825e-01	5.2919e-01	5.6827e-01	7.5814e-01	6.4518e-01	5.0458e-01	4.1867e-01	2.3849e-01	2.6153e-01	2.3910e-01	2.9807e+02	4.5745e+02	5.2357e+02	5.4409e+02	1.9287e+02	2.3690e+02	3.1880e+02	3.5353e+02	3.8239e+02	3.3578e+02	
2000	4.9087e-01	5.2892e-01	5.7219e-01	7.6580e-01	6.4885e-01	4.9722e-01	4.3215e-01	2.3517e-01	2.5429e-01	2.4318e-01	2.9643e+02	4.6262e+02	4.9227e+02	5.3262e+02	1.9753e+02	2.2496e+02	3.2692e+02	3.4043e+02	3.6941e+02	3.4937e+02	
2001	4.9422e-01	5.2516e-01	5.7089e-01	7.6292e-01	6.4999e-01	5.0883e-01	4.2769e-01	2.3200e-01	2.6812e-01	2.4896e-01	3.0392e+02	4.7468e+02	4.9510e+02	5.4172e+02	2.0374e+02	2.3892e+02	3.2504e+02	3.2799e+02	3.9576e+02	3.5825e+02	
2002	4.9871e-01	5.2491e-01	5.6657e-01	7.6484e-01	6.4971e-01	5.1274e-01	4.3972e-01	2.3172e-01	2.7261e-01	2.4015e-01	3.0229e+02	4.3874e+02	4.3713e+02	5.4185e+02	1.9856e+02	2.4016e+02	3.3860e+02	3.3580e+02	3.8054e+02	3.3202e+02	
2003	4.9440e-01	5.2394e-01	5.6383e-01	7.7132e-01	6.4467e-01	5.0816e-01	4.3471e-01	2.4011e-01	2.6280e-01	2.3358e-01	2.9255e+02	4.4374e+02	4.2791e+02	5.4295e+02	1.9507e+02	2.3271e+02	3.1774e+02	3.4499e+02	3.6923e+02	3.2133e+02	
2004	4.9227e-01	5.2333e-01	5.6205e-01	7.7083e-01	6.4266e-01	5.0632e-01	4.3014e-01	2.2766e-01	2.6747e-01	2.4296e-01	2.9271e+02	4.4563e+02	4.4543e+02	5.2774e+02	1.9183e+02	2.3116e+02	3.1842e+02	3.1563e+02	3.8202e+02	3.5662e+02	
2005	4.9175e-01	5.2265e-01	5.6832e-01	7.5996e-01	6.4083e-01	5.0709e-01	4.2888e-01	2.2833e-01	2.7089e-01	2.4626e-01	2.8788e+02	4.2518e+02	4.9609e+02	5.0730e+02	1.8858e+02	2.2657e+02	3.1079e+02	3.1777e+02	3.8530e+02	3.4757e+02	
2006	4.8794e-01	5.2006e-01	5.6524e-01	7.5744e-01	6.3860e-01	5.0104e-01	4.2740e-01	2.3148e-01	2.5872e-01	2.4202e-01	2.8778e+02	4.7197e+02	4.9594e+02	5.3601e+02	1.8947e+02	2.1944e+02	3.1244e+02	3.2864e+02	3.5556e+02	3.4244e+02	
2007	4.8811e-01	5.2420e-01	5.7568e-01	7.5476e-01	6.4223e-01	4.9798e-01	4.2639e-01	2.3281e-01	2.5845e-01	2.5162e-01	2.8970e+02	4.6413e+02	4.7429e+02	5.2542e+02	1.9140e+02	2.1788e+02	3.1292e+02	3.3972e+02	3.7598e+02	3.7598e+02	
2008	4.9194e-01	5.2977e-01	5.8479e-01	7.4563e-01	6.3986e-01	5.1049e-01	4.2763e-01	2.2418e-01	2.6556e-01	2.5421e-01	2.9948e+02	4.4440e+02	5.0556e+02	5.1954e+02	1.9506e+02	2.4630e+02	3.1949e+02	3.1815e+02	3.8489e+02	3.7281e+02	
2009	4.9889e-01	5.2949e-01	5.7908e-01	7.4373e-01	6.3513e-01	5.1904e-01	4.4655e-01	2.3097e-01	2.5604e-01	2.5550e-01	3.0349e+02	4.6283e+02	5.0664e+02	5.1951e+02	1.8032e+02	2.5517e+02	3.3472e+02	3.3911e+02	3.5980e+02	3.7144e+02	
2010	5.0565e-01	5.2987e-01	5.7649e-01	7.4169e-01	6.3455e-01	5.2746e-01	4.6073e-01	2.3436e-01	2.5982e-01	2.5296e-01	3.0513e+02	4.7172e+02	4.7805e+02	5.2765e+02	1.7992e+02	2.6671e+02	3.2736e+02	3.4953e+02	3.6907e+02	3.6422e+02	
2011	5.0180e-01	5.3073e-01	5.6894e-01	7.4533e-01	6.3553e-01	5.3235e-01	4.4036e-01	2.2987e-01	2.7054e-01	2.5718e-01	2.9611e+02	4.7558e+02	4.6957e+02	5.3344e+02	1.8440e+02	2.4953e+02	3.0697e+02	3.1565e+02	3.8390e+02	3.7883e+02	
2012	4.9324e-01	5.3736e-01	5.6992e-01	7.5029e-01	6.4224e-01	5.1515e-01	4.2157e-01	2.2248e-01	2.8027e-01	2.5429e-01	2.8965e+02	4.2704e+02	4.8636e+02	5.3502e+02	1.9553e+02	2.2879e+02	3.0120e+02	3.1749e+02	3.9855e+02	3.6594e+02	
2013	4.8755e-01	5.3680e-01	5.7194e-01	7.5402e-01	6.3594e-01	5.0803e-01	4.1067e-01	2.3412e-01	2.8171e-01	2.5453e-01	2.8763e+02	4.5597e+02	4.9868e+02	5.4065e+02	1.8725e+02	2.2263e+02	2.9717e+02	3.4440e+02	4.0314e+02	3.7962e+02	
2014	4.8735e-01	5.3925e-01	5.7370e-01	7.4920e-01	6.3195e-01	5.0752e-01	4.1544e-01	2.4126e-01	2.7169e-01	2.4977e-01	2.9353e+02	4.3958e+02	4.9518e+02	5.2240e+02	1.7874e+02	2.3981e+02	3.0956e+02	3.6474e+02	3.9558e+02	3.7355e+02	
2015	5.0282e-01	5.3783e-01	5.7749e-01	7.4575e-01	6.3325e-01	5.3202e-01	4.4432e-01	2.3558e-01	2.6693e-01	2.4857e-01	3.0482e+02	4.4127e+02	5.4185e+02	5.1439e+02	1.7860e+02	2.6227e+02	3.2424e+02	3.4859e+02	3.8761e+02	3.9049e+02	
2016	4.9665e-01	5.3830e-01	5.8196e-01	7.3797e-01	6.3129e-01	5.1622e-01	4.4104e-01	2.2782e-01	2.6495e-01	2.5316e-01	2.9575e+02	4.9575e+02	5.6036e+02	5.1416e+02	1.7465e+02	2.3941e+02	3.1055e+02	3.4260e+02	3.9084e+02	3.9819e+02	
2017	4.8133e-01	5.3912e-01	5.7743e-01	7.3901e-01	6.2679e-01	4.9973e-01	4.1127e-01	2.1793e-01	2.5948e-01	2.4891e-01	2.8414e+02	4.7394e+02	5.3662e+02	5.2795e+02	1.7160e+02	2.2550e+02	2.9510e+02	3.2975e+02	3.7159e+02	3.8440e+02	
2018	4.8117e-01	5.3710e-01	5.7855e-01	7.4304e-01	6.2764e-01	5.0630e-01	4.0374e-01	2.2642e-01	2.6088e-01	2.4713e-01	2.8942e+02	4.7736e+02	5.9296e+02	5.3352e+02	1.7813e+02	2.4023e+02	2.9013e+02	3.4302e+02	3.7845e+02	3.5846e+02	
2019	4.8139e-01	5.3383e-01	5.7560e-01	7.3400e-01	6.2869e-01	5.0401e-01	4.0563e-01	2.2919e-01	2.6359e-01	2.4958e-01	2.8434e+02	4.7113e+02	5.4871e+02	5.1327e+02	1.7900e+02	2.2870e+02	2.8586e+02	3.4208e+02	3.8215e+02	3.6302e+02	
2020	4.8374e-01	5.3275e-01	5.7645e-01	7.3617e-01	6.3081e-01	5.0686e-01	4.0543e-01	2.2667e-01	2.7602e-01	2.5577e-01	2.8478e+02	4.5524e+02	5.4371e+02	5.2866e+02	1.7989e+02	2.2315e+02	2.8787e+02	3.4269e+02	4.0322e+02	3.7400e+02	
2021	4.8069e-01	5.3313e-01	5.7492e-01	7.5423e-01	6.3209e-01	4.9611e-01	4.0532e-01	2.2710e-01	2.7135e-01	2.4966e-01	2.7974e+02	4.3459e+02	5.1906e+02	5.5838e+02	1.7687e+02	2.0900e+02	2.8896e+02	3.5283e+02	3.8839e+02	3.6345e+02	
2022	4.8101e-01	5.3265e-01	5.7276e-01	7.5905e-01	6.2922e-01	4.9940e-01	4.0494e-01	2.3320e-01	2.6035e-01	2.4528e-01	2.8105e+02	4.5875e+02	5.1926e+02	5.4612e+02	1.7733e+02	2.2048e+02	2.8427e+02	3.6556e+02	3.7633e+02	3.5738e+02	
2023	4.7916e-01	5.3146e-01	5.7332e-01	7.5580e-01	6.2933e-01	4.9268e-01	4.0671e-01	2.3061e-01	2.6341e-01	2.4883e-01	2.7885e+02	4.6882e+02	5.3835e+02	5.0958e+02	1.7298e+02	2.1397e+02	2.8843e+02	3.3960e+02	3.8620e+02	3.6217e+02	
2024	4.8007e-01	5.3012e-01	5.7413e-01	7.4614e-01	6.2948e-01	4.9406e-01	4.0952e-01	2.2743e-01	2.6806e-01	2.4772e-01	2.8291e+02	4.3306e+02	5.2548e+02	5.2097e+02	1.7040e+02	2.2113e+02	2.9591e+02	3.3947e+02	3.9696e+02	3.6817e+02	
2025	4.8238e-01	5.2797e-01	5.7669e-01	7.5308e-01	6.3141e-01	4.9605e-01	4.1383e-01	2.2419e-01	2.6845e-01	2.4793e-01	2.7949e+02	4.4640e+02	5.0831e+02	5.3352e+02	1.7444e+02	2.1226e+02	2.9141e+02	3.3944e+02	3.9123e+02	3.6934e+02	
2026	4.7853e-01	5.3175e-01	5.7559e-01	7.5725e-01	6.2869e-01	4.8531e-01	4.1149e-01	2.3213e-01	2.6254e-01	2.5390e-01	2.7327e+02	4.1330e+02	5.3592e+02	5.1205e+02	1.6220e+02	2.0131e+02	2.8959e+02	3.6311e+02	3.8476e+02	3.8282e+02	
2027	4.7900e-01	5.3310e-01	5.8052e-01	7.6237e-01	6.2369e-01	4.8752e-01	4.1371e-01	2.2382e-01	2.6219e-01	2.4522e-01	2.7371e+02	3.9478e+02	5.4812e+02	5.1764e+02	1.5623e+02	2.0626e+02	2.9203e+02	3.4931e+02	3.9890e+02	3.5713e+02	
2028	4.7944e-01	5.3044e-01	5.7630e-01	7.6926e-01	6.2816e-01	4.9234e-01	4.0786e-01	2.2458e-01	2.6525e-01	2.4329e-01	2.7222e+02	4.1223e+02	5.2929e+02	5.2720e+02	1.6599e+02	2.0426e+02	2.8711e+02	3.3593e+02	3.8893e+02	3.5329e+02	
2029	4.8008e-01	5.3295e-01	5.7741e-01	7.6992e-01	6.3148e-01	4.9114e-01	4.1027e-01	2.2515e-01	2.6111e-01	2.3541e-01	2.7033e+02	4.0070e+02	5.4522e+02	5.2352e+02	1.6279e+02	2.0134e+02	2.8746e+02	3.3843e+02	3.8990e+02	3.4201e+02	
2030	4.7784e-01	5.3706e-01	5.8286e-01	7.6097e-01	6.3239e-01	4.9089e-01	4.0582e-01	2.2193e-01	2.5158e-01	2.3296e-01	2.6641e+02	4.0797e+02	5.3981e+02	5.1756e+02	1.6277e+02	2.0113e+02	2.7962e+02	3.4070e+02	3.6409e+02	3.4172e+02	
2031	4.7655e-01	5.3551e-01	5.8488e-01	7.6715e-01	6.3123e-01	4.8685e-01	4.0507e-01	2.3396e-01	2.4561e-01	2.3555e-01	2.6565e+02	4.5137e+02	4.9637e+02	5.4981e+02	1.5580e+02	1.9783e+02	2.7482e+02	3.5624e+02	3.6544e+02	3.5101e+02	
2032	4.7437e-01	5.3855e-01	5.8444e-01	7.8274e-01	6.3022e-01	4.8179e-01	4.0169e-01	2.2805e-01	2.3922e-01	2.3665e-01	2.6408e+02	4.0692e+02	5.4264e+02	5.5380e+02	1.5657e+02	1.9384e+02	2.7453e+02	3.5804e+02	3.5728e+02	3.6083e+02	
2033	4.7347e-01	5.4185e-01	5.8916e-01	7.8607e-01	6.3205e-01	4.7743e-01	4.0025e-01	2.1604e-01	2.4724e-01	2.4276e-01	2.6004e+02	3.7589e+02	5.4260e+02	5.3488e+02	1.5967e+02	1.8243e+02	2.7230e+02	3.3549e+02	3.7785e+02	3.8070e+02	
2034	4.7596e-01	5.4489e-01	5.8571e-01	7.9922e-01	6.3905e-01	4.8434e-01	3.9568e-01	2.0984e-01	2.5675e-01	2.4296e-01	2.6342e+02	3.8626e+02	4.8565e+02	5.6088e+02	1.6545e+02	1.9171e+02	2.7095e+02	3.2311e+02	3.9004e+02	3.7867e+02	
2035	4.7910e-01	5.4884e-01	5.9005e-01	8.1613e-01	6.4453e-01	4.8983e-01	3.9588e-01	2.2259e-01	2.4193e-01	2.4437e-01	2.5849e+02	4.0273e+02	5.0419e+02	5.3617e+02	1.5821e+02	1.9060e+02	2.6025e+02	3.7097e+02	3.5174e+02	3.8915e+02	
2036	4.7987e-01	5.5103e-01	5.8963e-01	8.1283e-01	6.4612e-01	4.8521e-01	4.0068e-01	2.2434e-01	2.3856e-01	2.4979e-01	2.6399e+02	4.2542e+02	5.0133e+02	5.2864e+02	1.6431e+02	1.8936e+02	2.6957e+02	3.6585e+02	3.6376e+02	4.0873e+02	
2037	4.8095e-01	5.4737e-01	5.9499e-01	8.0533e-01	6.4951e-01	4.8215e-01	4.0252e-01	2.1902e-01	2.5406e-01	2.5836e-01	2.6139e+02	4.4291e+02	5.4373e+02	5.1907e+02	1.6544e+02	1.7915e+02	2.6434e+02	3.4829e+02	3.8513e+02	3.9865e+02	
2038	4.8088e-01	5.4642e-01	6.0225e-01	8.0734e-01	6.5002e-01	4.8320e-01	3.9827e-01	2.1915e-01	2.6393e-01	2.5781e-01	2.6112e+02	4.3434e+02	5.4813e+02	5.1351e+02	1.6604e+02	1.8153e+02	2.6613e+02	3.4906e+02	3.7356e+02	3.9136e+02	
2039	4.8415e-01	5.4628e-01	5.9474e-01	7.9590e-01	6.5748e-01	4.9225e-01	3.9953e-01	2.2816e-01	2.6248e-01	2.4983e-01	2.6474e+02	4.3389e+02	5.3523e+02	5.1973e+02	1.7463e+02	1.9007e+02	2.6521e+02	3.6128e+02	3.8954e+02	3.7236e+02	
2040	4.8457e-01	5.4925e-01	5.7810e-01	7.9976e-01	6.6146e-01	4.9348e-01	3.9983e-01	2.3292e-01	2.5339e-01	2.4739e-01	2.6130e+02	3.7263e+02	5.4584e+02	5.3675e+02	1.6644e+02	1.9071e+02	2.6323e+02	3.7444e+02	3.7175e+02	3.7254e+02	
2041	4.8322e-01	5.4623e-01	5.6824e-01	8.0709e-01	6.6284e-01	4.8719e-01	4.0031e-01	2.2767e-01	2.5167e-01	2.5246e-01	2.5955e+02	4.2433e+02	5.5186e+02	5.4193e+02	1.6640e+02	1.7960e+02	2.6289e+02	3.5544e+02	3.7110e+02	3.7686e+02	
2042	3.6162e-01	4.0904e-01	4.2354e-01	5.9449e-01	4.9872e-01	3.5730e-01	3.0316e-01	1.6281e-01	2.0688e-01	1.9740e-01	1.9953e+02	4.0154e+02	4.9101e+02	4.2050e+02	1.3027e+02	1.2963e+02	1.8713e+02	2.4853e+02	3.1354e+02	3.3058e+02	
2043	0.0000e+00	0.0000e+00	0.0000e+00	0.0000e+00	0.0000e+00	0.0000e+00	0.0000e+00	0.0000e+00	0.0000e+00	0.0000e+00	0.0000e+00	0.0000e+00	0.0000e+00	0.0000e+00	0.0000e+00	0.0000e+00	0.0000e+00	0.0000e+00	0.0000e+00	0.0000e+00	
2044	0.0000e+00	0.0000e+00	0.0000e+00	0.0000e+00	0.0000e+00	0.0000e+00	0.0000e+00	0.0000e+00	0.0000e+00	0.0000e+00	0.0000e+00	0.0000e+00	0.0000e+00	0.0000e+00	0.0000e+00	0.0000e+00	0.0000e+00	0.0000e+00	0.0000e+00	0.0000e+00	
2045	0.0000e+00	0.0000e+00	0.0000e+00	0.0000e+00	0.0000e+00	0.0000e+00	0.0000e+00	0.0000e+00	0.0000e+00	0.0000e+00	0.0000e+00	0.0000e+00	0.0000e+00	0.0000e+00	0.0000e+00	0.0000e+00	0.0000e+00	0.0000e+00	0.0000e+00	0.0000e+00	
2038	4.8088e-01	5.4642e-01	6.0225e-01	8.0734e-01	6.5002e-01	4.8320e-01	3.9827e-01	2.1915e-01	2.6393e-01	2.5781e-01	2.6112e+02	4.3434e+02	5.4813e+02	5.1351e+02	1.6604e+02	1.8153e+02	2.6613e+02	3.4906e+02	3.7356e+02	3.9136e+02	
2039	4.8415e-01	5.4628e-01	5.9474e-01	7.9590e-01	6.5748e-01	4.9225e-01	3.9953e-01	2.2816e-01	2.6248e-01	2.4983e-01	2.6474e+02	4.3389e+02	5.3523e+02	5.1973e+02	1.7463e+02	1.9007e+02	2.6521e+02	3.6128e+02	3.8954e+02	3.7236e+02	
2040	4.8457e-01	5.4925e-01	5.7810e-01	7.9976e-01	6.6146e-01	4.9348e-01	3.9983e-01	2.3292e-01	2.5339e-01	2.4739e-01	2.6130e+02	3.7263e+02	5.4584e+02	5.3675e+02	1.6644e+02	1.9071e+02	2.6323e+02	3.7444e+02	3.7175e+02	3.7254e+02	
2041	4.8322e-01	5.4623e-01	5.6824e-01	8.0709e-01	6.6284e-01	4.8719e-01	4.0031e-01	2.2767e-01	2.5167e-01	2.5246e-01	2.5955e+02	4.2433e+02	5.5186e+02	5.4193e+02	1.6640e+02	1.7960e+02	2.6289e+02	3.5544e+02	3.7110e+02	3.7686e+02	
2042	3.6162e-01	4.0904e-01	4.2354e-01	5.9449e-01	4.9872e-01	3.5730e-01	3.0316e-01	1.6281e-01	2.0688e-01	1.9740e-01	1.9953e+02	4.0154e+02	4.9101e+02	4.2050e+02	1.3027e+02	1.2963e+02	1.8713e+02	2.4853e+02	3.1354e+02	3.3058e+02	
2043	0.0000e+00	0.0000e+00	0.0000e+00	0.0000e+00	0.0000e+00	0.0000e+00	0.0000e+00	0.0000e+00	0.0000e+00	0.0000e+00	0.0000e+00	0.0000e+00	0.0000e+00	0.0000e+00	0.0000e+00	0.0000e+00	0.0000e+00	0.0000e+00	0.0000e+00	0.0000e+00	
2044	0.0000e+00	0.0000e+00	0.0000e+00	0.0000e+00	0.0000e+00	0.0000e+00	0.0000e+00	0.0000e+00	0.0000e+00	0.0000e+00	0.0000e+00	0.0000e+00	0.0000e+00	0.0000e+00	0.0000e+00	0.0000e+00	0.0000e+00	0.0000e+00	0.0000e+00	0.0000e+00	
2045	0.0000e+00	0.0000e+00	0.0000e+00	0.0000e+00	0.0000e+00	0.0000e+00	0.0000e+00	0.0000e+00	0.0000e+00	0.0000e+00	0.0000e+00	0.0000e+00	0.0000e+00	0.0000e+00	0.0000e+00	0.0000e+00	0.0000e+00	0.0000e+00	0.0000e+00	0.0000e+00	
2046	0.0000e+00	0.0000e+00	0.0000e+00	0.0000e+00	0.0000e+00	0.0000e+00	0.0000e+00	0.0000e+00	0.0000e+00	0.0000e+00	0.0000e+00	0.0000e+00	0.0000e+00	0.0000e+00	0.0000e+00	0.0000e+00	0.0000e+00	0.0000e+00	0.0000e+00	0.0000e+00	
2047	0.0000e+00	0.0000e+00	0.0000e+00	0.0000e+00	0.0000e+00	0.0000e+00	0.0000e+00	0.0000e+00	0.0000e+00	0.0000e+00	0.0000e+00	0.0000e+00	0.0000e+00	0.0000e+00	0.0000e+00	0.0000e+00	0.0000e+00	0.0000e+00	0.0000e+00	0.0000e+00	
2048	0.0000e+00	0.0000e+00	0.0000e+00	0.0000e+00	0.0000e+00	0.0000e+00	0.0000e+00	0.0000e+00	0.0000e+00	0.0000e+00	0.0000e+00	0.0000e+00	0.0000e+00	0.0000e+00	0.0000e+00	0.0000e+00	0.0000e+00	0.0000e+00	0.0000e+00	0.0000e+00	
2049	0.0000e+00	0.0000e+00	0.0000e+00	0.0000e+00	0.0000e+00	0.0000e+00	0.0000e+00	0.0000e+00	0.0000e+00	0.0000e+00	0.0000e+00	0.0000e+00	0.0000e+00	0.0000e+00	0.0000e+00	0.0000e+00	0.0000e+00	0.0000e+00	0.0000e+00	0.0000e+00	
2050	0.0000e+00	0.0000e+00	0.0000e+00	0.0000e+00	0.0000e+00	0.0000e+00	0.0000e+00	0.0000e+00	0.0000e+00	0.0000e+00	0.0000e+00	0.0000e+00	0.0000e+00	0.0000e+00	0.0000e+00	0.0000e+00	0.0000e+00	0.0000e+00	0.0000e+00	0.0000e+00	
2051	0.0000e+00	0.0000e+00	0.0000e+00	0.0000e+00	0.0000e+00	0.0000e+00	0.0000e+00	0.0000e+00	0.0000e+00	0.0000e+00	0.0000e+00	0.0000e+00	0.0000e+00	0.0000e+00	0.0000e+00	0.0000e+00	0.0000e+00	0.0000e+00	0.0000e+00	0.0000e+00	
2052	0.0000e+00	0.0000e+00	0.0000e+00	0.0000e+00	0.0000e+00	0.0000e+00	0.0000e+00	0.0000e+00	0.0000e+00	0.0000e+00	0.0000e+00	0.0000e+00	0.0000e+00	0.0000e+00	0.0000e+00	0.0000e+00	0.0000e+00	0.0000e+00	0.0000e+00	0.0000e+00	
