year	PPT	PPT	PPT	PPT	PPT	PPT	PPT	PPT	PPT	PPT	
	PgCarbonPerYr	PgCarbonPerYr	PgCarbonPerYr	PgCarbonPerYr	PgCarbonPerYr	PgCarbonPerYr	PgCarbonPerYr	PgCarbonPerYr	PgCarbonPerYr	PgCarbonPerYr	
	total	Arctic	N_Atl	N_Pac	Equ_N	Equ	Equ_S	SO_Atl	SO_Pac	SO_Ind	
1948	6.9448e+01	5.8588e-01	1.8162e+00	2.8914e+00	8.4049e+00	2.5672e+01	2.3607e+01	7.8950e-01	1.6551e+00	7.9884e-01	
1949	7.2342e+01	6.7140e-01	1.7546e+00	2.5957e+00	8.2506e+00	2.7902e+01	2.3611e+01	9.9565e-01	2.0749e+00	1.2534e+00	
1950	7.5035e+01	7.4586e-01	1.9147e+00	2.8195e+00	9.2640e+00	2.7821e+01	2.5062e+01	9.3748e-01	1.9901e+00	1.1460e+00	
1951	7.3799e+01	7.2128e-01	1.8071e+00	2.8585e+00	8.8847e+00	2.6786e+01	2.5044e+01	1.0103e+00	2.2139e+00	1.1788e+00	
1952	7.6131e+01	7.0389e-01	1.6570e+00	2.9451e+00	8.6837e+00	2.9118e+01	2.4550e+01	1.0028e+00	2.3607e+00	1.2736e+00	
1953	7.7956e+01	6.9497e-01	1.6157e+00	2.9095e+00	8.8142e+00	3.1058e+01	2.4309e+01	1.0738e+00	2.3401e+00	1.3233e+00	
1954	7.4999e+01	6.6775e-01	1.6580e+00	3.0193e+00	8.7865e+00	2.8883e+01	2.3630e+01	1.1358e+00	2.1848e+00	1.3152e+00	
1955	7.4844e+01	7.3041e-01	1.7465e+00	2.9759e+00	9.0559e+00	2.8337e+01	2.3720e+01	1.0698e+00	2.2753e+00	1.3365e+00	
1956	7.3048e+01	7.3168e-01	1.6870e+00	2.9523e+00	9.0475e+00	2.7593e+01	2.2896e+01	1.0226e+00	2.3019e+00	1.2896e+00	
1957	7.2725e+01	7.1775e-01	1.6424e+00	2.9946e+00	9.1656e+00	2.7185e+01	2.2894e+01	1.0487e+00	2.3287e+00	1.2307e+00	
1958	7.2852e+01	6.7892e-01	1.6847e+00	2.9789e+00	9.2294e+00	2.7482e+01	2.2813e+01	1.0086e+00	2.2744e+00	1.2265e+00	
1959	7.2302e+01	7.1547e-01	1.6511e+00	3.0243e+00	9.4117e+00	2.6279e+01	2.3194e+01	9.9050e-01	2.2992e+00	1.2260e+00	
1960	7.2154e+01	6.8961e-01	1.6592e+00	2.9815e+00	9.3603e+00	2.6724e+01	2.2725e+01	1.0189e+00	2.3270e+00	1.2114e+00	
1961	7.1945e+01	7.5691e-01	1.6302e+00	2.9350e+00	9.1658e+00	2.6742e+01	2.2777e+01	9.8623e-01	2.2820e+00	1.1809e+00	
1962	7.1789e+01	7.2637e-01	1.7509e+00	2.9691e+00	9.1456e+00	2.6242e+01	2.2994e+01	1.1009e+00	2.3056e+00	1.1553e+00	
1963	7.1227e+01	7.0810e-01	1.6704e+00	2.8670e+00	9.0251e+00	2.5993e+01	2.2924e+01	1.0956e+00	2.3342e+00	1.1970e+00	
1964	7.1947e+01	7.8051e-01	1.6020e+00	2.8682e+00	8.9511e+00	2.6582e+01	2.3287e+01	1.0123e+00	2.2055e+00	1.2133e+00	
1965	7.2459e+01	7.2536e-01	1.6416e+00	2.9713e+00	8.9439e+00	2.6646e+01	2.3478e+01	1.0083e+00	2.2990e+00	1.2567e+00	
1966	7.1992e+01	7.6256e-01	1.5919e+00	2.8551e+00	8.9876e+00	2.6670e+01	2.3096e+01	9.3083e-01	2.3997e+00	1.2487e+00	
1967	7.3026e+01	7.3019e-01	1.5878e+00	2.8536e+00	9.1001e+00	2.7572e+01	2.3001e+01	1.0283e+00	2.3617e+00	1.2941e+00	
1968	7.3242e+01	6.9844e-01	1.6124e+00	2.7969e+00	9.2044e+00	2.7806e+01	2.3089e+01	1.1266e+00	2.1821e+00	1.1824e+00	
1969	7.2427e+01	6.8193e-01	1.5177e+00	2.8432e+00	9.0398e+00	2.7105e+01	2.3005e+01	1.0870e+00	2.2021e+00	1.2215e+00	
1970	7.3122e+01	7.3554e-01	1.5426e+00	2.7474e+00	9.0070e+00	2.7405e+01	2.3306e+01	9.8829e-01	2.2831e+00	1.3032e+00	
1971	7.2692e+01	7.4048e-01	1.6553e+00	2.7286e+00	9.1268e+00	2.7069e+01	2.3122e+01	9.4147e-01	2.3237e+00	1.2768e+00	
1972	7.3146e+01	7.4860e-01	1.6765e+00	2.7782e+00	9.2639e+00	2.7540e+01	2.3055e+01	9.2450e-01	2.2993e+00	1.1818e+00	
1973	7.3990e+01	7.0907e-01	1.6603e+00	2.9539e+00	9.4081e+00	2.7921e+01	2.3115e+01	1.0383e+00	2.2276e+00	1.1337e+00	
1974	7.2581e+01	6.9578e-01	1.5515e+00	2.7874e+00	9.4441e+00	2.7017e+01	2.3213e+01	1.0976e+00	2.0669e+00	1.1101e+00	
1975	7.2239e+01	7.1562e-01	1.5922e+00	2.8780e+00	9.3403e+00	2.6828e+01	2.3059e+01	1.0574e+00	2.0401e+00	1.1374e+00	
1976	7.1685e+01	7.0592e-01	1.5133e+00	2.7971e+00	9.5010e+00	2.6483e+01	2.2937e+01	1.0539e+00	1.9739e+00	1.1577e+00	
1977	7.2329e+01	6.9168e-01	1.4674e+00	2.7964e+00	9.4738e+00	2.7221e+01	2.2779e+01	1.0386e+00	2.0499e+00	1.2628e+00	
1978	7.2933e+01	7.0607e-01	1.5473e+00	2.7359e+00	9.5234e+00	2.7402e+01	2.2899e+01	1.0462e+00	2.2077e+00	1.2800e+00	
1979	7.2855e+01	7.3000e-01	1.5126e+00	2.6757e+00	9.4797e+00	2.6833e+01	2.3191e+01	1.0433e+00	2.3944e+00	1.4708e+00	
1980	7.4645e+01	7.3876e-01	1.5066e+00	2.6443e+00	9.4136e+00	2.7909e+01	2.4018e+01	1.0476e+00	2.4321e+00	1.3904e+00	
1981	7.4952e+01	7.3764e-01	1.5081e+00	2.6500e+00	9.4305e+00	2.8887e+01	2.3246e+01	1.0545e+00	2.4843e+00	1.3765e+00	
1982	7.4046e+01	7.2953e-01	1.4946e+00	2.5230e+00	9.1783e+00	2.8643e+01	2.3049e+01	1.0775e+00	2.4343e+00	1.3238e+00	
1983	7.1349e+01	6.9121e-01	1.4944e+00	2.3542e+00	9.3749e+00	2.7492e+01	2.1584e+01	1.1289e+00	2.1679e+00	1.2605e+00	
1984	7.0811e+01	7.0662e-01	1.4476e+00	2.2755e+00	9.3130e+00	2.7406e+01	2.1608e+01	1.1447e+00	2.0575e+00	1.2447e+00	
1985	7.0317e+01	7.0495e-01	1.4674e+00	2.3653e+00	9.2385e+00	2.7235e+01	2.1504e+01	1.0951e+00	1.8950e+00	1.2572e+00	
1986	7.0159e+01	7.5851e-01	1.4648e+00	2.2453e+00	9.3666e+00	2.6859e+01	2.1711e+01	1.0790e+00	1.8619e+00	1.2231e+00	
1987	6.9953e+01	7.9814e-01	1.4807e+00	2.2972e+00	9.3152e+00	2.6640e+01	2.1706e+01	1.0158e+00	1.9614e+00	1.1876e+00	
1988	7.0447e+01	7.6683e-01	1.4929e+00	2.3508e+00	9.5117e+00	2.6787e+01	2.1858e+01	9.7426e-01	1.9524e+00	1.2320e+00	
1989	7.1064e+01	7.3771e-01	1.3986e+00	2.2840e+00	9.4811e+00	2.6737e+01	2.2699e+01	1.0732e+00	1.8964e+00	1.2077e+00	
1990	7.2070e+01	7.6523e-01	1.4541e+00	2.3352e+00	9.5423e+00	2.7161e+01	2.2822e+01	1.0594e+00	2.0098e+00	1.2453e+00	
1991	7.3121e+01	7.7406e-01	1.4905e+00	2.2673e+00	9.3370e+00	2.7844e+01	2.3649e+01	9.9702e-01	1.9868e+00	1.2310e+00	
1992	7.1332e+01	7.4223e-01	1.4599e+00	2.3117e+00	9.2621e+00	2.6943e+01	2.3076e+01	9.9807e-01	1.9567e+00	1.1484e+00	
1993	7.1974e+01	7.4017e-01	1.4419e+00	2.2892e+00	9.5553e+00	2.7148e+01	2.2985e+01	1.0682e+00	2.0766e+00	1.1893e+00	
1994	7.5186e+01	7.1558e-01	1.4535e+00	2.2301e+00	9.4552e+00	2.9086e+01	2.4307e+01	1.0559e+00	2.0753e+00	1.1208e+00	
1995	7.5813e+01	7.6577e-01	1.4633e+00	2.3023e+00	9.1146e+00	2.9849e+01	2.4396e+01	1.0778e+00	1.9924e+00	1.1208e+00	
1996	7.1051e+01	7.4197e-01	1.4686e+00	2.3041e+00	9.1819e+00	2.7546e+01	2.1913e+01	1.0677e+00	2.0455e+00	1.1594e+00	
1997	7.0145e+01	7.3028e-01	1.5216e+00	2.2755e+00	9.1800e+00	2.6385e+01	2.2082e+01	1.0697e+00	2.1689e+00	1.2616e+00	
1998	7.0005e+01	7.7826e-01	1.4500e+00	2.3722e+00	9.1527e+00	2.7049e+01	2.1256e+01	1.0730e+00	2.0853e+00	1.2603e+00	
1999	7.0513e+01	7.5348e-01	1.5117e+00	2.3915e+00	8.9324e+00	2.7151e+01	2.1686e+01	1.1406e+00	2.0742e+00	1.3168e+00	
2000	7.1504e+01	7.6121e-01	1.4946e+00	2.3388e+00	8.8105e+00	2.7176e+01	2.2756e+01	1.0871e+00	2.0817e+00	1.3198e+00	
2001	7.1839e+01	7.4149e-01	1.4937e+00	2.3991e+00	8.8056e+00	2.6744e+01	2.3242e+01	1.0793e+00	2.2689e+00	1.3885e+00	
2002	7.0772e+01	7.3682e-01	1.4207e+00	2.3914e+00	8.8353e+00	2.6657e+01	2.2766e+01	1.1060e+00	2.1554e+00	1.2692e+00	
2003	7.1252e+01	7.5506e-01	1.4138e+00	2.4115e+00	8.9114e+00	2.7105e+01	2.2709e+01	1.1159e+00	2.1450e+00	1.2496e+00	
2004	7.3106e+01	7.8390e-01	1.4180e+00	2.3530e+00	8.7182e+00	2.8004e+01	2.3764e+01	1.0194e+00	2.1637e+00	1.3383e+00	
2005	7.3005e+01	7.7049e-01	1.4610e+00	2.2607e+00	8.8306e+00	2.8165e+01	2.3189e+01	1.0318e+00	2.2116e+00	1.3535e+00	
2006	7.0437e+01	8.1238e-01	1.4078e+00	2.3848e+00	8.6615e+00	2.7056e+01	2.1986e+01	1.0764e+00	2.0302e+00	1.3375e+00	
2007	6.8712e+01	8.2033e-01	1.4866e+00	2.3791e+00	8.6653e+00	2.5839e+01	2.1356e+01	1.0539e+00	2.0942e+00	1.4813e+00	
2008	6.9766e+01	7.9351e-01	1.5332e+00	2.2214e+00	8.6785e+00	2.6904e+01	2.1670e+01	9.9553e-01	2.1430e+00	1.4283e+00	
2009	6.9698e+01	7.8412e-01	1.5415e+00	2.2468e+00	8.4396e+00	2.7038e+01	2.1792e+01	1.0707e+00	1.9835e+00	1.4135e+00	
2010	6.8125e+01	7.8066e-01	1.4470e+00	2.3062e+00	8.3594e+00	2.5830e+01	2.1598e+01	1.0807e+00	2.0718e+00	1.3647e+00	
2011	6.7682e+01	8.0341e-01	1.4315e+00	2.3517e+00	8.3471e+00	2.5483e+01	2.1403e+01	9.8612e-01	2.1680e+00	1.4168e+00	
2012	6.7059e+01	7.9116e-01	1.4540e+00	2.3327e+00	8.4129e+00	2.4740e+01	2.1482e+01	9.6586e-01	2.2689e+00	1.3723e+00	
2013	6.6196e+01	7.7516e-01	1.4530e+00	2.3540e+00	8.0736e+00	2.4288e+01	2.1294e+01	1.0808e+00	2.2864e+00	1.4159e+00	
2014	6.5513e+01	7.7728e-01	1.4278e+00	2.3180e+00	7.8855e+00	2.3868e+01	2.1364e+01	1.1474e+00	2.2284e+00	1.4206e+00	
2015	6.6435e+01	7.4955e-01	1.4957e+00	2.3446e+00	8.0021e+00	2.4857e+01	2.1106e+01	1.1051e+00	2.2133e+00	1.4772e+00	
2016	6.6391e+01	7.8918e-01	1.4871e+00	2.3271e+00	8.0109e+00	2.4614e+01	2.1241e+01	1.0754e+00	2.2100e+00	1.5245e+00	
2017	6.5154e+01	7.5951e-01	1.5000e+00	2.2688e+00	7.8189e+00	2.4462e+01	2.0571e+01	1.0446e+00	2.1420e+00	1.4643e+00	
2018	6.4364e+01	7.6942e-01	1.5012e+00	2.2911e+00	7.9661e+00	2.3741e+01	2.0156e+01	1.1035e+00	2.1774e+00	1.4449e+00	
2019	6.4234e+01	7.9084e-01	1.5381e+00	2.2679e+00	7.7373e+00	2.3959e+01	1.9920e+01	1.0976e+00	2.2612e+00	1.4816e+00	
2020	6.4674e+01	7.7762e-01	1.5653e+00	2.3002e+00	7.7900e+00	2.4052e+01	2.0085e+01	1.0783e+00	2.3878e+00	1.4754e+00	
1948	6.9513e+01	5.8945e-01	1.8121e+00	2.8836e+00	8.4279e+00	2.5698e+01	2.3650e+01	7.8838e-01	1.6510e+00	7.9421e-01	
1949	6.6691e+01	6.7136e-01	1.6352e+00	2.7181e+00	8.1106e+00	2.6396e+01	2.0468e+01	9.0342e-01	1.8420e+00	1.0484e+00	
1950	1.3581e+01	2.8999e-04	6.6631e-02	1.6691e-01	9.5874e-01	4.7267e+00	6.1406e+00	2.6739e-01	5.5648e-01	2.7086e-01	
1951	7.1004e+01	7.5448e-01	1.7708e+00	2.7916e+00	8.7383e+00	2.7915e+01	2.2229e+01	8.8931e-01	1.8101e+00	9.6624e-01	
1952	7.7619e+01	7.0799e-01	1.6364e+00	2.9422e+00	9.1510e+00	2.9996e+01	2.5061e+01	1.0030e+00	2.3605e+00	1.2703e+00	
1953	8.0597e+01	6.8361e-01	1.5924e+00	2.8815e+00	9.6510e+00	3.2032e+01	2.5319e+01	1.0775e+00	2.3307e+00	1.3153e+00	
1954	7.8120e+01	6.7311e-01	1.6536e+00	3.0129e+00	9.5287e+00	3.0431e+01	2.4198e+01	1.1296e+00	2.1745e+00	1.3143e+00	
1955	7.6959e+01	7.3637e-01	1.7257e+00	2.9944e+00	9.6184e+00	2.9675e+01	2.3713e+01	1.0615e+00	2.2732e+00	1.3428e+00	
1956	7.5767e+01	7.2715e-01	1.6622e+00	2.9831e+00	9.6868e+00	2.9088e+01	2.3352e+01	1.0150e+00	2.2920e+00	1.2821e+00	
1957	7.3949e+01	7.1958e-01	1.6317e+00	2.9546e+00	9.3470e+00	2.8076e+01	2.3120e+01	1.0440e+00	2.3126e+00	1.2141e+00	
1958	7.3582e+01	6.7347e-01	1.6515e+00	2.9526e+00	9.1881e+00	2.8032e+01	2.3134e+01	9.9939e-01	2.2540e+00	1.2072e+00	
1959	7.3800e+01	6.9571e-01	1.6329e+00	2.9824e+00	9.1883e+00	2.6986e+01	2.4290e+01	9.8275e-01	2.2793e+00	1.2126e+00	
1960	7.3811e+01	6.9819e-01	1.6578e+00	3.0145e+00	8.9637e+00	2.7568e+01	2.3894e+01	1.0107e+00	2.3077e+00	1.2065e+00	
1961	7.4135e+01	7.6420e-01	1.6243e+00	2.9804e+00	8.9034e+00	2.7940e+01	2.3969e+01	9.7893e-01	2.2633e+00	1.1768e+00	
1962	7.3361e+01	7.3831e-01	1.7244e+00	2.9739e+00	8.7350e+00	2.7775e+01	2.3311e+01	1.0923e+00	2.2859e+00	1.1449e+00	
1963	7.1548e+01	7.1699e-01	1.6315e+00	2.8775e+00	8.8486e+00	2.6533e+01	2.2818e+01	1.0925e+00	2.3204e+00	1.1879e+00	
1964	7.2135e+01	7.5701e-01	1.5729e+00	2.8752e+00	8.5916e+00	2.7001e+01	2.3445e+01	1.0044e+00	2.1846e+00	1.2093e+00	
1965	7.2543e+01	7.1243e-01	1.6076e+00	2.9475e+00	8.6328e+00	2.6828e+01	2.3566e+01	1.0069e+00	2.2858e+00	1.2540e+00	
1966	7.2470e+01	7.6000e-01	1.5738e+00	2.8626e+00	8.7710e+00	2.6998e+01	2.3455e+01	9.2728e-01	2.3876e+00	1.2393e+00	
1967	7.2958e+01	7.3515e-01	1.5756e+00	2.8476e+00	8.9036e+00	2.7481e+01	2.3348e+01	1.0258e+00	2.3435e+00	1.2737e+00	
1968	7.3093e+01	6.9911e-01	1.5976e+00	2.8258e+00	8.7910e+00	2.7950e+01	2.3344e+01	1.1163e+00	2.1621e+00	1.1643e+00	
1969	7.1636e+01	6.7793e-01	1.4988e+00	2.8664e+00	8.7291e+00	2.7014e+01	2.3025e+01	1.0800e+00	2.1728e+00	1.2029e+00	
1970	7.3410e+01	7.3583e-01	1.4995e+00	2.7296e+00	8.6761e+00	2.7728e+01	2.4025e+01	9.8249e-01	2.2504e+00	1.2945e+00	
1971	7.4945e+01	7.4673e-01	1.5943e+00	2.7319e+00	8.7770e+00	2.8140e+01	2.4886e+01	9.3700e-01	2.3285e+00	1.2664e+00	
1972	7.3124e+01	7.5470e-01	1.6768e+00	2.7417e+00	8.8133e+00	2.8028e+01	2.3169e+01	9.1848e-01	2.3400e+00	1.1650e+00	
1973	7.1796e+01	7.2288e-01	1.6396e+00	2.9443e+00	9.0461e+00	2.6944e+01	2.2608e+01	1.0286e+00	2.3141e+00	1.1167e+00	
1974	7.1082e+01	7.1083e-01	1.5204e+00	2.7732e+00	9.0251e+00	2.7041e+01	2.2198e+01	1.1046e+00	2.1629e+00	1.0991e+00	
1975	7.0501e+01	7.1577e-01	1.5080e+00	2.8881e+00	8.8979e+00	2.6782e+01	2.1969e+01	1.0580e+00	2.1189e+00	1.1269e+00	
1976	7.0601e+01	7.0964e-01	1.4391e+00	2.8220e+00	9.0798e+00	2.6269e+01	2.2601e+01	1.0524e+00	2.0456e+00	1.1513e+00	
1977	7.1626e+01	7.0394e-01	1.4245e+00	2.8295e+00	8.9751e+00	2.7058e+01	2.2828e+01	1.0395e+00	2.1132e+00	1.2604e+00	
1978	7.2876e+01	6.9321e-01	1.4911e+00	2.8007e+00	9.0555e+00	2.7535e+01	2.3330e+01	1.0335e+00	2.2678e+00	1.2630e+00	
1979	7.2936e+01	7.1426e-01	1.4629e+00	2.7467e+00	9.0330e+00	2.6902e+01	2.3761e+01	1.0415e+00	2.4491e+00	1.4637e+00	
1980	7.4503e+01	7.3410e-01	1.4585e+00	2.7544e+00	9.0080e+00	2.7912e+01	2.4378e+01	1.0457e+00	2.4443e+00	1.3762e+00	
1981	7.5230e+01	7.1889e-01	1.4980e+00	2.7812e+00	8.9889e+00	2.9470e+01	2.3301e+01	1.0577e+00	2.4802e+00	1.3596e+00	
1982	7.3642e+01	7.1064e-01	1.4513e+00	2.7652e+00	8.8291e+00	2.8640e+01	2.2956e+01	1.0843e+00	2.4261e+00	1.3094e+00	
1983	7.0678e+01	6.8512e-01	1.4345e+00	2.6358e+00	8.8487e+00	2.7581e+01	2.1505e+01	1.1331e+00	2.1488e+00	1.2444e+00	
1984	7.0097e+01	7.1585e-01	1.4515e+00	2.5885e+00	8.7833e+00	2.6972e+01	2.1750e+01	1.1480e+00	2.0396e+00	1.2307e+00	
1985	6.9651e+01	6.8895e-01	1.4050e+00	2.4963e+00	8.8071e+00	2.6974e+01	2.1646e+01	1.0876e+00	1.8883e+00	1.2459e+00	
1986	6.9300e+01	7.4930e-01	1.4188e+00	2.2896e+00	8.8631e+00	2.6690e+01	2.1735e+01	1.0770e+00	1.8524e+00	1.2112e+00	
1987	6.9979e+01	7.8611e-01	1.4351e+00	2.2768e+00	8.9383e+00	2.7184e+01	2.1844e+01	1.0220e+00	1.9579e+00	1.1764e+00	
1988	7.0020e+01	7.4311e-01	1.4712e+00	2.3305e+00	8.9047e+00	2.7084e+01	2.1959e+01	9.7753e-01	1.9461e+00	1.2248e+00	
1989	7.1615e+01	7.1340e-01	1.3825e+00	2.2865e+00	9.0946e+00	2.7369e+01	2.3167e+01	1.0709e+00	1.8891e+00	1.2081e+00	
1990	7.3611e+01	7.5336e-01	1.4329e+00	2.3561e+00	9.1607e+00	2.7960e+01	2.4067e+01	1.0588e+00	2.0013e+00	1.2392e+00	
1991	7.3893e+01	7.6386e-01	1.4896e+00	2.2633e+00	8.9149e+00	2.8883e+01	2.3913e+01	9.9416e-01	1.9685e+00	1.2229e+00	
1992	7.1160e+01	7.3267e-01	1.4805e+00	2.3120e+00	8.9136e+00	2.7923e+01	2.2312e+01	9.9632e-01	1.9326e+00	1.1423e+00	
1993	6.9861e+01	7.3093e-01	1.3776e+00	2.2800e+00	9.0563e+00	2.6558e+01	2.2207e+01	1.0673e+00	2.0785e+00	1.1827e+00	
1994	6.9614e+01	7.3754e-01	1.4026e+00	2.2169e+00	8.9976e+00	2.6601e+01	2.2156e+01	1.0564e+00	2.0763e+00	1.1099e+00	
1995	6.9220e+01	7.7268e-01	1.3912e+00	2.3012e+00	8.7215e+00	2.6671e+01	2.1870e+01	1.0827e+00	2.0008e+00	1.1053e+00	
1996	6.8413e+01	7.5884e-01	1.3963e+00	2.3168e+00	8.7479e+00	2.6210e+01	2.1358e+01	1.0641e+00	2.0721e+00	1.1348e+00	
1997	6.8977e+01	7.3624e-01	1.3404e+00	2.2863e+00	8.7392e+00	2.6290e+01	2.1815e+01	1.0585e+00	2.2288e+00	1.2373e+00	
1998	6.9566e+01	7.9158e-01	1.3137e+00	2.3687e+00	8.5937e+00	2.6851e+01	2.1938e+01	1.0590e+00	2.1202e+00	1.2341e+00	
1999	7.0347e+01	7.7733e-01	1.4439e+00	2.3875e+00	8.5355e+00	2.6906e+01	2.2433e+01	1.1322e+00	2.0927e+00	1.2962e+00	
2000	6.9103e+01	7.5726e-01	1.3960e+00	2.3413e+00	8.4540e+00	2.5827e+01	2.2558e+01	1.0791e+00	2.0686e+00	1.3104e+00	
2001	6.9910e+01	7.5638e-01	1.4018e+00	2.3900e+00	8.4846e+00	2.6249e+01	2.2365e+01	1.0617e+00	2.2463e+00	1.3783e+00	
2002	7.0962e+01	7.3884e-01	1.2866e+00	2.3531e+00	8.4517e+00	2.7005e+01	2.3323e+01	1.0989e+00	2.1416e+00	1.2632e+00	
2003	6.9647e+01	7.7840e-01	1.2962e+00	2.3938e+00	8.4788e+00	2.6517e+01	2.2487e+01	1.1122e+00	2.1150e+00	1.2433e+00	
2004	6.9425e+01	7.9080e-01	1.3115e+00	2.3317e+00	8.4150e+00	2.6288e+01	2.2596e+01	1.0147e+00	2.1335e+00	1.3390e+00	
2005	6.8530e+01	7.8582e-01	1.3671e+00	2.2412e+00	8.4105e+00	2.5869e+01	2.2116e+01	1.0287e+00	2.1893e+00	1.3421e+00	
2006	6.7746e+01	8.0501e-01	1.3613e+00	2.3694e+00	8.2730e+00	2.5250e+01	2.2062e+01	1.0627e+00	2.0080e+00	1.3252e+00	
2007	6.7274e+01	8.3850e-01	1.4003e+00	2.3650e+00	8.2303e+00	2.4908e+01	2.1703e+01	1.0470e+00	2.0756e+00	1.4753e+00	
2008	6.9403e+01	8.0267e-01	1.4658e+00	2.2165e+00	8.4279e+00	2.6572e+01	2.2145e+01	9.9546e-01	2.1334e+00	1.4462e+00	
2009	7.0582e+01	8.0890e-01	1.4738e+00	2.2416e+00	8.0991e+00	2.7407e+01	2.2872e+01	1.0778e+00	1.9931e+00	1.4392e+00	
2010	7.0872e+01	8.0171e-01	1.3920e+00	2.3047e+00	8.0136e+00	2.7904e+01	2.2683e+01	1.0929e+00	2.0953e+00	1.4053e+00	
2011	7.0909e+01	8.3797e-01	1.3739e+00	2.3323e+00	8.1131e+00	2.7635e+01	2.2642e+01	1.0039e+00	2.2101e+00	1.4482e+00	
2012	6.8826e+01	7.7897e-01	1.4147e+00	2.3441e+00	8.3216e+00	2.5927e+01	2.1981e+01	9.9051e-01	2.3061e+00	1.4032e+00	
2013	6.8183e+01	7.9394e-01	1.4431e+00	2.3701e+00	8.0102e+00	2.5683e+01	2.1841e+01	1.1086e+00	2.3326e+00	1.4484e+00	
2014	6.8165e+01	7.8188e-01	1.3904e+00	2.3033e+00	7.8176e+00	2.5756e+01	2.2212e+01	1.1675e+00	2.2529e+00	1.4445e+00	
2015	7.1686e+01	7.6834e-01	1.4716e+00	2.3365e+00	7.9916e+00	2.8007e+01	2.3102e+01	1.1126e+00	2.2254e+00	1.4889e+00	
2016	6.9417e+01	8.1282e-01	1.4821e+00	2.2897e+00	7.8694e+00	2.6719e+01	2.2383e+01	1.0742e+00	2.2221e+00	1.5281e+00	
2017	6.6684e+01	7.8141e-01	1.4663e+00	2.2557e+00	7.6514e+00	2.5488e+01	2.1363e+01	1.0427e+00	2.1385e+00	1.4665e+00	
2018	6.6718e+01	7.8660e-01	1.4563e+00	2.2995e+00	7.7600e+00	2.5720e+01	2.0839e+01	1.1016e+00	2.1727e+00	1.4293e+00	
2019	6.6928e+01	8.1162e-01	1.4602e+00	2.2674e+00	7.6495e+00	2.5583e+01	2.1069e+01	1.1005e+00	2.2342e+00	1.4524e+00	
2020	6.6783e+01	7.8074e-01	1.4576e+00	2.2858e+00	7.6455e+00	2.5527e+01	2.0934e+01	1.0853e+00	2.3721e+00	1.4590e+00	
2021	6.5529e+01	7.8858e-01	1.3774e+00	2.3796e+00	7.5839e+00	2.4344e+01	2.1139e+01	1.1261e+00	2.2335e+00	1.3950e+00	
2022	6.5658e+01	8.1605e-01	1.4519e+00	2.4029e+00	7.6189e+00	2.4760e+01	2.0591e+01	1.1596e+00	2.2220e+00	1.4174e+00	
2023	6.5159e+01	7.9608e-01	1.4346e+00	2.2615e+00	7.4795e+00	2.4543e+01	2.0771e+01	1.1105e+00	2.2294e+00	1.4428e+00	
2024	6.5621e+01	7.6285e-01	1.3759e+00	2.2774e+00	7.3032e+00	2.4655e+01	2.1172e+01	1.0913e+00	2.3579e+00	1.4304e+00	
2025	6.5284e+01	8.1954e-01	1.3610e+00	2.3914e+00	7.4849e+00	2.4387e+01	2.0987e+01	1.1260e+00	2.2539e+00	1.4353e+00	
2026	6.3708e+01	8.1057e-01	1.5094e+00	2.3439e+00	7.1186e+00	2.3380e+01	2.0669e+01	1.1530e+00	2.2588e+00	1.5025e+00	
2027	6.3445e+01	7.5580e-01	1.4972e+00	2.3531e+00	7.0221e+00	2.3536e+01	2.0585e+01	1.0963e+00	2.2894e+00	1.3778e+00	
2028	6.3227e+01	8.0481e-01	1.4625e+00	2.4172e+00	7.1323e+00	2.3331e+01	2.0469e+01	1.0996e+00	2.2744e+00	1.3864e+00	
2029	6.2276e+01	7.8444e-01	1.4178e+00	2.3904e+00	7.0520e+00	2.3110e+01	2.0013e+01	1.1001e+00	2.2398e+00	1.3492e+00	
2030	6.1457e+01	7.9120e-01	1.4918e+00	2.2932e+00	7.0695e+00	2.2851e+01	1.9613e+01	1.1196e+00	2.1038e+00	1.3453e+00	
2031	6.1308e+01	8.6366e-01	1.3853e+00	2.4219e+00	6.8740e+00	2.2925e+01	1.9432e+01	1.1775e+00	2.0590e+00	1.3776e+00	
2032	6.0783e+01	8.1176e-01	1.4523e+00	2.4822e+00	6.8613e+00	2.2535e+01	1.9291e+01	1.1430e+00	2.0238e+00	1.4095e+00	
2033	5.9334e+01	7.8300e-01	1.4416e+00	2.4211e+00	6.8821e+00	2.1437e+01	1.8974e+01	1.0462e+00	2.1562e+00	1.4751e+00	
2034	5.9642e+01	7.9804e-01	1.3159e+00	2.5839e+00	6.9864e+00	2.1633e+01	1.8918e+01	1.0608e+00	2.2013e+00	1.4682e+00	
2035	5.9256e+01	7.8956e-01	1.3998e+00	2.5233e+00	6.7539e+00	2.2066e+01	1.8321e+01	1.1949e+00	1.9947e+00	1.5085e+00	
2036	5.9797e+01	7.9756e-01	1.4129e+00	2.4957e+00	7.0965e+00	2.1932e+01	1.8562e+01	1.1579e+00	2.0069e+00	1.5704e+00	
2037	5.8656e+01	8.3001e-01	1.4797e+00	2.3874e+00	7.0580e+00	2.1078e+01	1.8209e+01	1.0960e+00	2.1396e+00	1.5768e+00	
2038	5.8559e+01	8.3155e-01	1.5571e+00	2.3777e+00	6.9246e+00	2.0968e+01	1.8277e+01	1.1241e+00	2.2012e+00	1.5668e+00	
2039	5.9521e+01	8.1257e-01	1.5112e+00	2.4096e+00	7.0135e+00	2.1740e+01	1.8423e+01	1.1714e+00	2.2513e+00	1.5019e+00	
2040	5.9594e+01	7.8933e-01	1.5100e+00	2.4589e+00	6.9874e+00	2.2097e+01	1.8197e+01	1.2109e+00	2.1632e+00	1.5025e+00	
2041	5.8355e+01	7.9553e-01	1.4955e+00	2.4157e+00	6.7686e+00	2.1192e+01	1.8191e+01	1.1421e+00	2.1785e+00	1.5194e+00	
2042	4.2504e+01	7.9020e-01	1.4205e+00	2.0749e+00	5.5686e+00	1.5356e+01	1.1854e+01	7.1220e-01	1.5547e+00	1.0988e+00	
2043	0.0000e+00	0.0000e+00	0.0000e+00	0.0000e+00	0.0000e+00	0.0000e+00	0.0000e+00	0.0000e+00	0.0000e+00	0.0000e+00	
2044	0.0000e+00	0.0000e+00	0.0000e+00	0.0000e+00	0.0000e+00	0.0000e+00	0.0000e+00	0.0000e+00	0.0000e+00	0.0000e+00	
2045	0.0000e+00	0.0000e+00	0.0000e+00	0.0000e+00	0.0000e+00	0.0000e+00	0.0000e+00	0.0000e+00	0.0000e+00	0.0000e+00	
2038	5.8559e+01	8.3155e-01	1.5571e+00	2.3777e+00	6.9246e+00	2.0968e+01	1.8277e+01	1.1241e+00	2.2012e+00	1.5668e+00	
2039	5.9521e+01	8.1257e-01	1.5112e+00	2.4096e+00	7.0135e+00	2.1740e+01	1.8423e+01	1.1714e+00	2.2513e+00	1.5019e+00	
2040	5.9594e+01	7.8933e-01	1.5100e+00	2.4589e+00	6.9874e+00	2.2097e+01	1.8197e+01	1.2109e+00	2.1632e+00	1.5025e+00	
2041	5.8355e+01	7.9553e-01	1.4955e+00	2.4157e+00	6.7686e+00	2.1192e+01	1.8191e+01	1.1421e+00	2.1785e+00	1.5194e+00	
2042	4.2504e+01	7.9020e-01	1.4205e+00	2.0749e+00	5.5686e+00	1.5356e+01	1.1854e+01	7.1220e-01	1.5547e+00	1.0988e+00	
2043	0.0000e+00	0.0000e+00	0.0000e+00	0.0000e+00	0.0000e+00	0.0000e+00	0.0000e+00	0.0000e+00	0.0000e+00	0.0000e+00	
2044	0.0000e+00	0.0000e+00	0.0000e+00	0.0000e+00	0.0000e+00	0.0000e+00	0.0000e+00	0.0000e+00	0.0000e+00	0.0000e+00	
2045	0.0000e+00	0.0000e+00	0.0000e+00	0.0000e+00	0.0000e+00	0.0000e+00	0.0000e+00	0.0000e+00	0.0000e+00	0.0000e+00	
2046	0.0000e+00	0.0000e+00	0.0000e+00	0.0000e+00	0.0000e+00	0.0000e+00	0.0000e+00	0.0000e+00	0.0000e+00	0.0000e+00	
2047	0.0000e+00	0.0000e+00	0.0000e+00	0.0000e+00	0.0000e+00	0.0000e+00	0.0000e+00	0.0000e+00	0.0000e+00	0.0000e+00	
2048	0.0000e+00	0.0000e+00	0.0000e+00	0.0000e+00	0.0000e+00	0.0000e+00	0.0000e+00	0.0000e+00	0.0000e+00	0.0000e+00	
2049	0.0000e+00	0.0000e+00	0.0000e+00	0.0000e+00	0.0000e+00	0.0000e+00	0.0000e+00	0.0000e+00	0.0000e+00	0.0000e+00	
2050	0.0000e+00	0.0000e+00	0.0000e+00	0.0000e+00	0.0000e+00	0.0000e+00	0.0000e+00	0.0000e+00	0.0000e+00	0.0000e+00	
2051	0.0000e+00	0.0000e+00	0.0000e+00	0.0000e+00	0.0000e+00	0.0000e+00	0.0000e+00	0.0000e+00	0.0000e+00	0.0000e+00	
2052	0.0000e+00	0.0000e+00	0.0000e+00	0.0000e+00	0.0000e+00	0.0000e+00	0.0000e+00	0.0000e+00	0.0000e+00	0.0000e+00	
