year	Cflx	Cflx	Cflx	Cflx	Cflx	Cflx	Cflx	Cflx	Cflx	Cflx	
	PgCarbonPerYr	PgCarbonPerYr	PgCarbonPerYr	PgCarbonPerYr	PgCarbonPerYr	PgCarbonPerYr	PgCarbonPerYr	PgCarbonPerYr	PgCarbonPerYr	PgCarbonPerYr	
	total	Arctic	N_Atl	N_Pac	Equ_N	Equ	Equ_S	SO_Atl	SO_Pac	SO_Ind	
1948	4.7312e+00	6.6991e-02	1.9433e-01	3.7463e-01	8.8713e-01	2.4907e-01	2.3602e+00	1.0145e-01	2.3169e-01	1.3315e-01	
1949	3.3550e+00	5.0659e-02	1.4987e-01	3.1203e-01	7.9583e-01	-1.4593e-01	1.7643e+00	6.7644e-02	1.5946e-01	1.2069e-01	
1950	2.5242e+00	6.1450e-02	1.3241e-01	2.1363e-01	6.5539e-01	-3.1135e-01	1.5164e+00	2.9447e-02	1.0093e-01	5.9357e-02	
1951	2.7713e+00	5.4014e-02	1.3563e-01	2.1655e-01	6.7520e-01	-4.2228e-01	1.7017e+00	6.5224e-02	1.7669e-01	1.0104e-01	
1952	2.3487e+00	5.0702e-02	1.6759e-01	2.1054e-01	5.7702e-01	-7.1689e-01	1.6054e+00	6.9827e-02	2.1479e-01	1.0940e-01	
1953	2.3604e+00	4.4017e-02	1.4162e-01	2.1757e-01	6.4342e-01	-7.4592e-01	1.5786e+00	8.4773e-02	2.0339e-01	1.2390e-01	
1954	2.4111e+00	4.6818e-02	1.4271e-01	2.3021e-01	6.0513e-01	-6.2674e-01	1.5727e+00	8.7220e-02	1.6800e-01	1.1031e-01	
1955	2.3383e+00	4.7174e-02	1.4782e-01	2.3677e-01	6.1902e-01	-7.6005e-01	1.5755e+00	8.0280e-02	2.2168e-01	1.1364e-01	
1956	1.8719e+00	4.6656e-02	1.4052e-01	2.0879e-01	5.8943e-01	-9.6064e-01	1.4743e+00	7.0873e-02	1.6634e-01	1.0011e-01	
1957	1.8297e+00	4.7088e-02	1.4621e-01	2.1093e-01	5.3389e-01	-8.9742e-01	1.3931e+00	7.9532e-02	1.8732e-01	9.8606e-02	
1958	1.7969e+00	4.5458e-02	1.4042e-01	2.2839e-01	5.5435e-01	-9.2371e-01	1.3436e+00	7.5260e-02	1.8909e-01	9.9215e-02	
1959	2.0356e+00	4.6018e-02	1.4099e-01	2.1947e-01	5.3712e-01	-7.1969e-01	1.4127e+00	7.0362e-02	1.8222e-01	9.6670e-02	
1960	1.7591e+00	4.9224e-02	1.3276e-01	2.1166e-01	5.4321e-01	-1.0270e+00	1.4363e+00	5.4918e-02	2.0732e-01	1.0203e-01	
1961	1.8052e+00	5.1498e-02	1.3707e-01	2.1539e-01	5.8926e-01	-9.5248e-01	1.3800e+00	5.3565e-02	1.9418e-01	9.5207e-02	
1962	2.0286e+00	5.0824e-02	1.3391e-01	2.2074e-01	5.9148e-01	-7.8112e-01	1.4281e+00	7.6442e-02	1.8125e-01	9.7255e-02	
1963	1.8750e+00	5.0124e-02	1.5001e-01	2.4063e-01	5.7249e-01	-9.9864e-01	1.4331e+00	6.6259e-02	2.1477e-01	1.1088e-01	
1964	2.0130e+00	5.3674e-02	1.3797e-01	2.3277e-01	5.8774e-01	-8.4070e-01	1.4623e+00	5.4588e-02	1.6488e-01	1.0370e-01	
1965	2.1283e+00	5.5997e-02	1.3701e-01	2.2382e-01	5.9897e-01	-7.0234e-01	1.4336e+00	6.2552e-02	1.7082e-01	1.0988e-01	
1966	1.7778e+00	5.4240e-02	1.3517e-01	1.9033e-01	5.7948e-01	-9.6724e-01	1.3993e+00	4.8213e-02	2.0578e-01	9.9397e-02	
1967	1.8571e+00	5.4817e-02	1.4488e-01	2.0517e-01	6.0795e-01	-1.1374e+00	1.5262e+00	5.4275e-02	2.2614e-01	1.1341e-01	
1968	2.0203e+00	5.9388e-02	1.3094e-01	2.1556e-01	6.0141e-01	-8.5396e-01	1.4923e+00	6.3459e-02	1.6271e-01	8.5386e-02	
1969	2.0726e+00	5.0154e-02	1.1426e-01	2.1582e-01	5.8551e-01	-8.2358e-01	1.5326e+00	5.8263e-02	1.7575e-01	9.9134e-02	
1970	1.9854e+00	5.3978e-02	1.0966e-01	2.2084e-01	6.2935e-01	-9.3577e-01	1.4966e+00	5.9128e-02	1.9772e-01	1.1581e-01	
1971	2.2292e+00	5.0343e-02	1.0785e-01	2.2307e-01	6.3784e-01	-7.0350e-01	1.5024e+00	5.5731e-02	2.0650e-01	1.1746e-01	
1972	1.9470e+00	5.2559e-02	1.0380e-01	2.2411e-01	6.2360e-01	-9.2983e-01	1.4801e+00	5.6601e-02	1.9502e-01	9.5352e-02	
1973	1.9959e+00	4.7123e-02	1.0449e-01	2.0178e-01	6.2083e-01	-9.1385e-01	1.4830e+00	7.8338e-02	2.0528e-01	1.0170e-01	
1974	2.1516e+00	4.8811e-02	1.1583e-01	2.1547e-01	6.5106e-01	-7.9854e-01	1.5054e+00	8.1660e-02	1.8636e-01	1.0164e-01	
1975	1.9447e+00	4.9291e-02	1.0683e-01	2.0108e-01	6.2390e-01	-9.0285e-01	1.4598e+00	7.4364e-02	1.6552e-01	1.0500e-01	
1976	1.8821e+00	4.1957e-02	1.2168e-01	1.9229e-01	6.5260e-01	-9.9070e-01	1.4619e+00	6.9781e-02	1.7711e-01	9.6705e-02	
1977	1.9312e+00	4.7001e-02	1.2807e-01	1.9719e-01	6.7948e-01	-9.7236e-01	1.4179e+00	6.8881e-02	1.8960e-01	1.0944e-01	
1978	2.2719e+00	4.7401e-02	1.3118e-01	2.2088e-01	6.6975e-01	-8.0390e-01	1.5266e+00	9.3928e-02	2.0423e-01	1.2271e-01	
1979	2.2491e+00	4.8657e-02	1.2735e-01	2.1506e-01	6.3594e-01	-7.8634e-01	1.4706e+00	9.8904e-02	2.2222e-01	1.5739e-01	
1980	2.5500e+00	5.8433e-02	1.2883e-01	2.2251e-01	6.8238e-01	-6.3764e-01	1.5082e+00	1.1209e-01	2.5013e-01	1.5300e-01	
1981	2.3388e+00	5.6788e-02	1.2156e-01	1.9618e-01	6.6024e-01	-8.4218e-01	1.5604e+00	1.0622e-01	2.6247e-01	1.5860e-01	
1982	2.4521e+00	5.1429e-02	1.2992e-01	2.0808e-01	7.1460e-01	-8.8819e-01	1.6994e+00	9.5860e-02	2.2932e-01	1.4467e-01	
1983	2.4504e+00	5.1850e-02	1.3429e-01	2.0088e-01	6.8281e-01	-6.9265e-01	1.5444e+00	1.0805e-01	1.9127e-01	1.4229e-01	
1984	2.4129e+00	5.8488e-02	1.2727e-01	2.0511e-01	6.8208e-01	-8.4300e-01	1.6421e+00	9.9607e-02	2.2583e-01	1.4674e-01	
1985	2.4066e+00	5.5787e-02	1.2658e-01	1.9667e-01	6.8256e-01	-7.1498e-01	1.5855e+00	9.0850e-02	1.8682e-01	1.4301e-01	
1986	2.4370e+00	6.2091e-02	1.2981e-01	1.9957e-01	7.3506e-01	-7.2392e-01	1.5951e+00	9.2291e-02	1.7788e-01	1.1995e-01	
1987	2.3763e+00	6.5133e-02	1.3299e-01	2.0439e-01	6.5707e-01	-7.5491e-01	1.5456e+00	9.0643e-02	2.1596e-01	1.3909e-01	
1988	2.3591e+00	7.0996e-02	1.3234e-01	2.0677e-01	6.9479e-01	-8.0663e-01	1.5186e+00	9.9506e-02	2.1471e-01	1.5184e-01	
1989	2.7112e+00	6.4003e-02	1.3380e-01	2.1577e-01	7.1387e-01	-5.7861e-01	1.6345e+00	1.0243e-01	1.9741e-01	1.5596e-01	
1990	2.4729e+00	6.7525e-02	1.4164e-01	1.8519e-01	6.7468e-01	-6.9253e-01	1.5078e+00	1.0277e-01	2.4190e-01	1.6093e-01	
1991	2.4699e+00	6.2419e-02	1.4621e-01	1.9011e-01	7.0774e-01	-7.7080e-01	1.5567e+00	1.0393e-01	2.2315e-01	1.6549e-01	
1992	2.7063e+00	5.9780e-02	1.3657e-01	2.0645e-01	7.1497e-01	-5.6208e-01	1.6158e+00	1.0293e-01	1.9892e-01	1.6082e-01	
1993	2.4899e+00	6.6474e-02	1.3936e-01	2.0018e-01	6.4694e-01	-6.4855e-01	1.5229e+00	1.0815e-01	2.2811e-01	1.6934e-01	
1994	2.0593e+00	6.2700e-02	1.3627e-01	2.0924e-01	6.4888e-01	-9.8428e-01	1.4333e+00	9.3837e-02	2.2517e-01	1.5242e-01	
1995	2.6327e+00	5.8748e-02	1.4604e-01	1.9393e-01	7.2552e-01	-6.4172e-01	1.5803e+00	9.8877e-02	2.1938e-01	1.6468e-01	
1996	2.7450e+00	7.0070e-02	1.4836e-01	1.9243e-01	6.7868e-01	-5.6116e-01	1.6844e+00	9.4296e-02	2.2381e-01	1.5951e-01	
1997	2.6512e+00	6.7177e-02	1.7270e-01	1.9547e-01	6.8490e-01	-7.7078e-01	1.6788e+00	1.2162e-01	2.6613e-01	1.8523e-01	
1998	2.3828e+00	7.2785e-02	1.4511e-01	1.9437e-01	7.0821e-01	-9.7336e-01	1.6181e+00	1.2474e-01	2.4276e-01	1.8550e-01	
1999	2.8547e+00	6.8512e-02	1.4312e-01	2.1230e-01	7.3916e-01	-6.6130e-01	1.6835e+00	1.3272e-01	2.6132e-01	1.9628e-01	
2000	2.8863e+00	6.8688e-02	1.5852e-01	2.3678e-01	6.4678e-01	-4.5538e-01	1.5987e+00	1.2587e-01	2.4576e-01	1.7633e-01	
2001	2.7807e+00	7.8693e-02	1.6484e-01	2.2868e-01	6.2935e-01	-6.4395e-01	1.6285e+00	1.2917e-01	2.8569e-01	2.1539e-01	
2002	2.9093e+00	6.8473e-02	1.6676e-01	1.9320e-01	7.2973e-01	-6.1487e-01	1.7548e+00	1.2185e-01	2.3854e-01	1.8175e-01	
2003	2.8205e+00	7.0917e-02	1.3772e-01	2.0202e-01	6.7772e-01	-5.7897e-01	1.6424e+00	1.3458e-01	2.5187e-01	2.0115e-01	
2004	2.7209e+00	6.7451e-02	1.4924e-01	2.0855e-01	7.2191e-01	-6.7808e-01	1.5846e+00	1.2676e-01	2.5564e-01	1.9632e-01	
2005	2.9527e+00	7.5650e-02	1.4304e-01	2.2997e-01	7.2879e-01	-6.5811e-01	1.7355e+00	1.3164e-01	2.6325e-01	2.0782e-01	
2006	3.1423e+00	8.6088e-02	1.5964e-01	2.2667e-01	7.7011e-01	-6.3184e-01	1.8232e+00	1.4017e-01	2.5468e-01	2.0464e-01	
2007	3.0684e+00	8.7978e-02	1.7411e-01	2.0152e-01	6.9323e-01	-5.0130e-01	1.7423e+00	1.4322e-01	2.5401e-01	2.0619e-01	
2008	2.9624e+00	8.4909e-02	1.4882e-01	2.1448e-01	7.4983e-01	-6.4535e-01	1.7377e+00	1.4912e-01	2.6094e-01	2.0318e-01	
2009	3.0837e+00	8.4674e-02	1.6655e-01	2.2677e-01	7.1072e-01	-5.2587e-01	1.6870e+00	1.5354e-01	2.6943e-01	2.1284e-01	
2010	3.4235e+00	9.6060e-02	1.5768e-01	2.7283e-01	7.1162e-01	-3.3144e-01	1.7592e+00	1.4617e-01	2.8929e-01	2.1265e-01	
2011	3.4802e+00	1.0208e-01	1.8378e-01	2.3750e-01	6.9621e-01	-3.1762e-01	1.7680e+00	1.5868e-01	2.8895e-01	2.4153e-01	
2012	3.3265e+00	1.0258e-01	1.7129e-01	2.1735e-01	7.0014e-01	-3.8866e-01	1.7547e+00	1.6341e-01	2.7865e-01	2.1401e-01	
2013	3.5632e+00	9.2512e-02	1.6214e-01	2.1352e-01	7.1596e-01	-2.0605e-01	1.7560e+00	1.7731e-01	3.0484e-01	2.3963e-01	
2014	3.6315e+00	9.5536e-02	1.6523e-01	2.5553e-01	7.5451e-01	-3.2630e-01	1.8372e+00	1.8163e-01	3.1828e-01	2.4362e-01	
2015	3.6461e+00	1.0014e-01	1.6781e-01	2.6155e-01	8.1734e-01	-3.1658e-01	1.8304e+00	1.6307e-01	2.8628e-01	2.4044e-01	
2016	3.8062e+00	1.0097e-01	1.7724e-01	2.5249e-01	7.7303e-01	-2.5874e-01	1.8772e+00	1.8528e-01	3.3449e-01	2.5621e-01	
2017	3.8805e+00	9.9795e-02	1.9527e-01	2.8732e-01	7.4587e-01	-2.0550e-01	1.9088e+00	1.7399e-01	2.9869e-01	2.5264e-01	
2018	3.8221e+00	1.1047e-01	1.7569e-01	2.5104e-01	7.4889e-01	-2.2534e-01	1.8866e+00	1.8312e-01	3.1812e-01	2.6517e-01	
2019	3.8566e+00	1.2112e-01	2.0549e-01	2.5424e-01	7.4123e-01	-1.6612e-01	1.8323e+00	1.9128e-01	3.1290e-01	2.4785e-01	
2020	3.8306e+00	1.0486e-01	2.0975e-01	2.4567e-01	7.5670e-01	-2.1194e-01	1.8031e+00	1.8918e-01	3.3875e-01	2.7975e-01	
1948	4.7565e+00	6.7400e-02	1.9612e-01	3.7704e-01	8.8620e-01	2.5868e-01	2.3650e+00	1.0110e-01	2.3119e-01	1.3244e-01	
1949	3.0704e-01	9.5600e-03	6.7105e-02	1.5985e-01	2.9561e-01	-8.9051e-01	7.2157e-01	-1.6652e-02	-9.5138e-03	-3.0715e-02	
1950	2.0158e-01	1.6210e-03	1.7331e-02	4.2765e-02	1.6415e-01	-7.6699e-02	1.0708e-01	-1.8788e-02	-2.0683e-02	-3.0005e-02	
1951	8.4471e-02	1.6470e-02	6.1183e-02	1.3103e-01	3.0714e-01	-1.0492e+00	7.6822e-01	-7.3330e-02	-8.2042e-03	-7.8392e-02	
1952	2.2267e+00	5.1557e-02	1.6783e-01	2.1232e-01	5.7576e-01	-8.0981e-01	1.5860e+00	6.8477e-02	2.1377e-01	1.0671e-01	
1953	2.2437e+00	4.3881e-02	1.4143e-01	2.2251e-01	6.5400e-01	-8.7258e-01	1.5800e+00	8.3240e-02	2.0078e-01	1.2086e-01	
1954	2.5990e+00	4.8219e-02	1.4411e-01	2.2784e-01	6.4537e-01	-5.9091e-01	1.6733e+00	8.3250e-02	1.6631e-01	1.0848e-01	
1955	2.5737e+00	4.9917e-02	1.5044e-01	2.3646e-01	6.4053e-01	-6.2604e-01	1.6343e+00	7.5621e-02	2.2119e-01	1.1082e-01	
1956	2.1526e+00	4.7711e-02	1.4106e-01	2.1497e-01	6.1853e-01	-7.7928e-01	1.5277e+00	6.5341e-02	1.6545e-01	9.5359e-02	
1957	2.0140e+00	4.7642e-02	1.4613e-01	2.1917e-01	5.4204e-01	-7.6046e-01	1.4263e+00	7.4955e-02	1.8463e-01	9.3838e-02	
1958	1.8413e+00	4.5899e-02	1.3992e-01	2.3491e-01	5.4757e-01	-8.7020e-01	1.3363e+00	6.9869e-02	1.8524e-01	9.5854e-02	
1959	2.0082e+00	4.5102e-02	1.4004e-01	2.2076e-01	5.2661e-01	-6.8691e-01	1.3624e+00	6.5411e-02	1.7997e-01	9.3792e-02	
1960	1.6340e+00	4.9711e-02	1.3178e-01	2.1563e-01	5.1916e-01	-1.0554e+00	1.3644e+00	4.8427e-02	2.0484e-01	9.8734e-02	
1961	1.7682e+00	5.1829e-02	1.3811e-01	2.1333e-01	5.7011e-01	-9.7789e-01	1.3933e+00	4.4927e-02	1.9181e-01	9.1059e-02	
1962	2.1267e+00	5.3581e-02	1.3662e-01	2.2330e-01	5.6673e-01	-7.4297e-01	1.5044e+00	6.8911e-02	1.7911e-01	9.1829e-02	
1963	1.9588e+00	5.2928e-02	1.5190e-01	2.3651e-01	5.6336e-01	-9.6780e-01	1.5019e+00	5.7004e-02	2.1210e-01	1.0705e-01	
1964	2.0226e+00	5.2099e-02	1.3900e-01	2.3635e-01	5.6295e-01	-8.1533e-01	1.4795e+00	4.3756e-02	1.6101e-01	9.9778e-02	
1965	2.0656e+00	5.4537e-02	1.3670e-01	2.1910e-01	5.7306e-01	-7.1326e-01	1.4170e+00	5.1056e-02	1.6903e-01	1.0621e-01	
1966	1.7041e+00	5.4231e-02	1.3368e-01	1.8872e-01	5.6884e-01	-9.9320e-01	1.3792e+00	3.2821e-02	2.0333e-01	9.7808e-02	
1967	1.7934e+00	5.5118e-02	1.4497e-01	2.0471e-01	6.0460e-01	-1.1866e+00	1.5231e+00	4.2403e-02	2.2543e-01	1.1215e-01	
1968	1.9952e+00	5.9313e-02	1.3289e-01	2.1680e-01	5.8780e-01	-8.3750e-01	1.4722e+00	4.9110e-02	1.5770e-01	8.6674e-02	
1969	2.0892e+00	5.1787e-02	1.2538e-01	2.1106e-01	5.8445e-01	-7.6807e-01	1.4993e+00	4.7903e-02	1.6999e-01	9.8537e-02	
1970	1.8996e+00	5.8023e-02	1.2099e-01	2.1694e-01	6.2533e-01	-9.7031e-01	1.4423e+00	4.9034e-02	1.9177e-01	1.1781e-01	
1971	2.3030e+00	5.6518e-02	1.2522e-01	2.2179e-01	6.3864e-01	-6.7093e-01	1.4970e+00	4.7305e-02	2.0998e-01	1.2154e-01	
1972	2.0364e+00	5.7498e-02	1.2467e-01	2.1810e-01	6.0454e-01	-8.9595e-01	1.5111e+00	4.9960e-02	2.0614e-01	9.5653e-02	
1973	2.0327e+00	5.3889e-02	1.2964e-01	1.9891e-01	6.0994e-01	-9.4521e-01	1.5244e+00	7.2674e-02	2.2275e-01	1.0025e-01	
1974	2.2839e+00	5.4378e-02	1.3350e-01	2.0661e-01	6.3993e-01	-7.3989e-01	1.5509e+00	7.8355e-02	1.9679e-01	1.0180e-01	
1975	2.0402e+00	5.4248e-02	1.2425e-01	1.9408e-01	6.1391e-01	-8.4645e-01	1.4800e+00	6.6779e-02	1.7253e-01	1.0569e-01	
1976	1.9520e+00	4.7560e-02	1.3793e-01	1.9412e-01	6.4830e-01	-9.6588e-01	1.4816e+00	5.9345e-02	1.7983e-01	9.6866e-02	
1977	1.9777e+00	5.2468e-02	1.4429e-01	2.0169e-01	6.7561e-01	-9.5531e-01	1.4147e+00	5.8538e-02	1.9328e-01	1.1351e-01	
1978	2.3153e+00	4.9535e-02	1.4531e-01	2.2697e-01	6.6116e-01	-7.7694e-01	1.5235e+00	8.5832e-02	2.0736e-01	1.2376e-01	
1979	2.2735e+00	5.0785e-02	1.4463e-01	2.1784e-01	6.2550e-01	-7.9621e-01	1.4813e+00	9.1110e-02	2.2618e-01	1.5986e-01	
1980	2.5096e+00	6.2040e-02	1.4303e-01	2.2735e-01	6.7770e-01	-6.5740e-01	1.4612e+00	1.0653e-01	2.5020e-01	1.5170e-01	
1981	2.3549e+00	5.9993e-02	1.4066e-01	2.0313e-01	6.5566e-01	-8.0377e-01	1.5023e+00	1.0290e-01	2.6229e-01	1.5586e-01	
1982	2.5060e+00	5.4872e-02	1.4381e-01	2.1344e-01	7.1050e-01	-8.4907e-01	1.6937e+00	9.1867e-02	2.2729e-01	1.4460e-01	
1983	2.3898e+00	5.6215e-02	1.4666e-01	2.1152e-01	6.7440e-01	-7.1760e-01	1.5061e+00	1.0155e-01	1.9082e-01	1.4086e-01	
1984	2.2860e+00	6.2186e-02	1.4274e-01	2.1296e-01	6.7056e-01	-9.4130e-01	1.6086e+00	9.4323e-02	2.2301e-01	1.4713e-01	
1985	2.2585e+00	5.8173e-02	1.4008e-01	1.9000e-01	6.8557e-01	-8.4184e-01	1.5546e+00	8.2927e-02	1.8699e-01	1.4046e-01	
1986	2.3002e+00	6.5369e-02	1.4273e-01	1.8705e-01	7.2872e-01	-8.3092e-01	1.5727e+00	8.7677e-02	1.7729e-01	1.1592e-01	
1987	2.3604e+00	6.5119e-02	1.4285e-01	1.9075e-01	6.5416e-01	-7.5751e-01	1.5497e+00	8.6166e-02	2.1621e-01	1.3527e-01	
1988	2.3815e+00	7.0321e-02	1.4659e-01	2.0022e-01	6.7885e-01	-7.8860e-01	1.5351e+00	9.3259e-02	2.1506e-01	1.4945e-01	
1989	2.7070e+00	6.4499e-02	1.5169e-01	2.1170e-01	7.0531e-01	-5.8389e-01	1.6234e+00	9.6813e-02	1.9837e-01	1.5237e-01	
1990	2.4620e+00	6.9109e-02	1.5479e-01	1.8340e-01	6.6274e-01	-7.0329e-01	1.5009e+00	9.8997e-02	2.4093e-01	1.5824e-01	
1991	2.5532e+00	6.6221e-02	1.6262e-01	1.8886e-01	7.0108e-01	-7.5200e-01	1.5990e+00	9.8024e-02	2.2171e-01	1.6354e-01	
1992	2.8520e+00	6.3799e-02	1.5307e-01	2.0208e-01	7.1469e-01	-4.8649e-01	1.6506e+00	9.8142e-02	1.9765e-01	1.5998e-01	
1993	2.4844e+00	6.9831e-02	1.5176e-01	1.9588e-01	6.3614e-01	-6.5957e-01	1.5237e+00	1.0164e-01	2.3341e-01	1.6767e-01	
1994	2.1279e+00	7.0248e-02	1.4951e-01	2.0523e-01	6.4203e-01	-9.7854e-01	1.4955e+00	8.7338e-02	2.2802e-01	1.5073e-01	
1995	2.5325e+00	6.4893e-02	1.5775e-01	1.9274e-01	7.2365e-01	-7.4669e-01	1.5805e+00	9.0406e-02	2.2268e-01	1.6419e-01	
1996	2.6393e+00	7.6298e-02	1.6009e-01	1.9046e-01	6.7686e-01	-5.4922e-01	1.5422e+00	8.5329e-02	2.3173e-01	1.5822e-01	
1997	2.6945e+00	7.2454e-02	1.7712e-01	1.9714e-01	6.8879e-01	-6.5920e-01	1.5736e+00	1.1265e-01	2.7787e-01	1.8434e-01	
1998	2.4749e+00	8.0486e-02	1.5043e-01	1.9330e-01	7.0421e-01	-8.7281e-01	1.5769e+00	1.1675e-01	2.4544e-01	1.8438e-01	
1999	2.9467e+00	7.6376e-02	1.5165e-01	2.1025e-01	7.3759e-01	-5.9745e-01	1.6748e+00	1.2777e-01	2.6102e-01	1.9638e-01	
2000	2.9652e+00	7.4643e-02	1.7134e-01	2.3704e-01	6.4785e-01	-4.2304e-01	1.6123e+00	1.2018e-01	2.4181e-01	1.7841e-01	
2001	2.8148e+00	8.4411e-02	1.8333e-01	2.2543e-01	6.3154e-01	-6.3889e-01	1.6193e+00	1.2161e-01	2.8037e-01	2.1550e-01	
2002	2.9473e+00	7.3477e-02	1.7200e-01	1.9033e-01	7.3354e-01	-5.8301e-01	1.7196e+00	1.1614e-01	2.4016e-01	1.8225e-01	
2003	2.9769e+00	7.7972e-02	1.4641e-01	1.9770e-01	6.6902e-01	-5.1830e-01	1.7254e+00	1.3088e-01	2.4866e-01	2.0053e-01	
2004	2.9549e+00	7.5611e-02	1.5823e-01	2.0173e-01	7.1628e-01	-5.9879e-01	1.7259e+00	1.2232e-01	2.5156e-01	1.9795e-01	
2005	2.9876e+00	8.3614e-02	1.5239e-01	2.2544e-01	7.2155e-01	-6.3412e-01	1.7436e+00	1.2771e-01	2.6178e-01	2.0454e-01	
2006	3.0941e+00	9.1161e-02	1.6989e-01	2.2283e-01	7.6326e-01	-6.1718e-01	1.7459e+00	1.3594e-01	2.5464e-01	2.0279e-01	
2007	3.0206e+00	9.4423e-02	1.8275e-01	1.9855e-01	6.8994e-01	-4.6035e-01	1.6136e+00	1.4389e-01	2.5306e-01	2.0636e-01	
2008	2.9173e+00	8.9912e-02	1.5811e-01	2.0486e-01	7.5124e-01	-6.2612e-01	1.6437e+00	1.4530e-01	2.5642e-01	2.0403e-01	
2009	2.8084e+00	9.0897e-02	1.7199e-01	2.1772e-01	7.0037e-01	-6.3461e-01	1.5499e+00	1.4451e-01	2.5783e-01	2.0484e-01	
2010	3.0965e+00	9.6150e-02	1.6329e-01	2.5501e-01	6.8753e-01	-4.3770e-01	1.6073e+00	1.3735e-01	2.7444e-01	2.0175e-01	
2011	3.2847e+00	1.0001e-01	1.9315e-01	2.2077e-01	6.6531e-01	-4.0319e-01	1.7427e+00	1.5067e-01	2.7394e-01	2.2319e-01	
2012	3.0901e+00	9.8836e-02	1.8685e-01	2.0122e-01	6.7447e-01	-5.1943e-01	1.7268e+00	1.5289e-01	2.6003e-01	1.9231e-01	
2013	3.4112e+00	9.1775e-02	1.8453e-01	1.9739e-01	7.0390e-01	-2.9307e-01	1.7535e+00	1.6863e-01	2.8543e-01	2.1965e-01	
2014	3.4410e+00	9.4914e-02	1.8939e-01	2.3842e-01	7.5088e-01	-4.4092e-01	1.7849e+00	1.7529e-01	3.0478e-01	2.2757e-01	
2015	3.4804e+00	1.0443e-01	1.9628e-01	2.4777e-01	8.2692e-01	-4.4608e-01	1.7759e+00	1.5837e-01	2.7480e-01	2.2457e-01	
2016	3.6700e+00	1.0660e-01	2.0561e-01	2.4775e-01	7.7768e-01	-3.7955e-01	1.8466e+00	1.8123e-01	3.2617e-01	2.4250e-01	
2017	3.7512e+00	1.0549e-01	2.1690e-01	2.7955e-01	7.4780e-01	-3.7948e-01	1.9419e+00	1.7122e-01	2.9150e-01	2.4010e-01	
2018	3.7135e+00	1.1404e-01	1.9487e-01	2.4591e-01	7.3894e-01	-3.3974e-01	1.8950e+00	1.7887e-01	3.0800e-01	2.4847e-01	
2019	3.8378e+00	1.2405e-01	2.1894e-01	2.4283e-01	7.3966e-01	-2.1017e-01	1.8638e+00	1.8725e-01	2.9910e-01	2.2994e-01	
2020	3.8022e+00	1.0784e-01	2.1599e-01	2.3071e-01	7.5573e-01	-2.3611e-01	1.8118e+00	1.8542e-01	3.2616e-01	2.6498e-01	
2021	3.7870e+00	9.8027e-02	1.7248e-01	2.3497e-01	6.9311e-01	-1.1231e-01	1.8458e+00	1.8767e-01	2.9232e-01	2.4269e-01	
2022	4.2663e+00	1.2624e-01	2.0936e-01	2.7689e-01	7.9661e-01	-2.2514e-01	2.0596e+00	2.0954e-01	3.5790e-01	2.9563e-01	
2023	4.2314e+00	1.1949e-01	2.0303e-01	2.5353e-01	8.1885e-01	-6.1056e-02	1.8954e+00	2.0232e-01	3.5294e-01	2.9431e-01	
2024	4.3347e+00	1.1160e-01	2.0023e-01	2.7808e-01	7.4863e-01	-5.7699e-02	1.9954e+00	2.0990e-01	3.7922e-01	3.0556e-01	
2025	4.2232e+00	1.1724e-01	2.0206e-01	2.5169e-01	8.4008e-01	-1.9001e-01	2.0087e+00	2.1095e-01	3.4178e-01	2.8275e-01	
2026	4.5218e+00	1.3781e-01	2.2456e-01	2.6798e-01	7.8138e-01	8.0768e-02	2.0170e+00	2.0828e-01	3.5238e-01	2.9967e-01	
2027	4.3445e+00	1.2566e-01	2.3222e-01	2.6979e-01	7.4393e-01	-3.9819e-03	1.9527e+00	2.2295e-01	3.6112e-01	2.8585e-01	
2028	4.6061e+00	1.3637e-01	2.2220e-01	2.6533e-01	8.5054e-01	-3.4807e-02	2.0767e+00	2.2503e-01	3.6386e-01	3.3055e-01	
2029	4.5810e+00	1.3380e-01	2.4199e-01	2.5016e-01	8.3743e-01	5.8692e-02	1.9750e+00	2.2994e-01	3.7483e-01	3.2533e-01	
2030	4.2723e+00	1.5147e-01	2.0808e-01	2.6435e-01	7.7180e-01	-1.6066e-01	1.9904e+00	2.2363e-01	3.4549e-01	3.1199e-01	
2031	4.5389e+00	1.5992e-01	2.4053e-01	2.6189e-01	7.7286e-01	1.0612e-02	1.9811e+00	2.3137e-01	3.6830e-01	3.2476e-01	
2032	4.5519e+00	1.4062e-01	2.4179e-01	2.6913e-01	7.6283e-01	1.1107e-02	2.0297e+00	2.2801e-01	3.7938e-01	3.1770e-01	
2033	4.9536e+00	1.3817e-01	2.3020e-01	2.8094e-01	8.3424e-01	2.8095e-01	2.0318e+00	2.4760e-01	3.8308e-01	3.4396e-01	
2034	4.6703e+00	1.4955e-01	2.1712e-01	2.7249e-01	7.6046e-01	1.0480e-01	1.9702e+00	2.4587e-01	4.3096e-01	3.4567e-01	
2035	4.8066e+00	1.5341e-01	2.2945e-01	2.8521e-01	8.5583e-01	7.7299e-02	2.0487e+00	2.3637e-01	4.1351e-01	3.2664e-01	
2036	4.8247e+00	1.5411e-01	2.5216e-01	2.7356e-01	8.8520e-01	8.3625e-02	1.9941e+00	2.3545e-01	4.0790e-01	3.4589e-01	
2037	4.8574e+00	1.5929e-01	2.4332e-01	2.8466e-01	8.3290e-01	2.1942e-01	1.9481e+00	2.5864e-01	3.9674e-01	3.4512e-01	
2038	5.0374e+00	1.6235e-01	2.3887e-01	2.8630e-01	8.3821e-01	2.4257e-01	1.9884e+00	2.8278e-01	4.3271e-01	3.9366e-01	
2039	5.0164e+00	1.5844e-01	2.8793e-01	2.9635e-01	8.0330e-01	1.4952e-01	2.0544e+00	2.6514e-01	4.3445e-01	3.8059e-01	
2040	5.0266e+00	1.5877e-01	2.4980e-01	2.8229e-01	8.1439e-01	1.8266e-01	2.0247e+00	2.5927e-01	4.6861e-01	4.0374e-01	
2041	5.0889e+00	1.6663e-01	2.8166e-01	2.7268e-01	8.6980e-01	1.9758e-01	2.0521e+00	2.7861e-01	4.3391e-01	3.5139e-01	
2042	4.0494e+00	1.2430e-01	2.1809e-01	1.5781e-01	6.1874e-01	3.3851e-01	1.6055e+00	2.1476e-01	3.4739e-01	3.0370e-01	
2043	0.0000e+00	0.0000e+00	0.0000e+00	0.0000e+00	0.0000e+00	0.0000e+00	0.0000e+00	0.0000e+00	0.0000e+00	0.0000e+00	
2044	0.0000e+00	0.0000e+00	0.0000e+00	0.0000e+00	0.0000e+00	0.0000e+00	0.0000e+00	0.0000e+00	0.0000e+00	0.0000e+00	
2045	0.0000e+00	0.0000e+00	0.0000e+00	0.0000e+00	0.0000e+00	0.0000e+00	0.0000e+00	0.0000e+00	0.0000e+00	0.0000e+00	
2038	5.0374e+00	1.6235e-01	2.3887e-01	2.8630e-01	8.3821e-01	2.4257e-01	1.9884e+00	2.8278e-01	4.3271e-01	3.9366e-01	
2039	5.0164e+00	1.5844e-01	2.8793e-01	2.9635e-01	8.0330e-01	1.4952e-01	2.0544e+00	2.6514e-01	4.3445e-01	3.8059e-01	
2040	5.0266e+00	1.5877e-01	2.4980e-01	2.8229e-01	8.1439e-01	1.8266e-01	2.0247e+00	2.5927e-01	4.6861e-01	4.0374e-01	
2041	5.0889e+00	1.6663e-01	2.8166e-01	2.7268e-01	8.6980e-01	1.9758e-01	2.0521e+00	2.7861e-01	4.3391e-01	3.5139e-01	
2042	4.0494e+00	1.2430e-01	2.1809e-01	1.5781e-01	6.1874e-01	3.3851e-01	1.6055e+00	2.1476e-01	3.4739e-01	3.0370e-01	
2043	0.0000e+00	0.0000e+00	0.0000e+00	0.0000e+00	0.0000e+00	0.0000e+00	0.0000e+00	0.0000e+00	0.0000e+00	0.0000e+00	
2044	0.0000e+00	0.0000e+00	0.0000e+00	0.0000e+00	0.0000e+00	0.0000e+00	0.0000e+00	0.0000e+00	0.0000e+00	0.0000e+00	
2045	0.0000e+00	0.0000e+00	0.0000e+00	0.0000e+00	0.0000e+00	0.0000e+00	0.0000e+00	0.0000e+00	0.0000e+00	0.0000e+00	
2046	0.0000e+00	0.0000e+00	0.0000e+00	0.0000e+00	0.0000e+00	0.0000e+00	0.0000e+00	0.0000e+00	0.0000e+00	0.0000e+00	
2047	0.0000e+00	0.0000e+00	0.0000e+00	0.0000e+00	0.0000e+00	0.0000e+00	0.0000e+00	0.0000e+00	0.0000e+00	0.0000e+00	
2048	0.0000e+00	0.0000e+00	0.0000e+00	0.0000e+00	0.0000e+00	0.0000e+00	0.0000e+00	0.0000e+00	0.0000e+00	0.0000e+00	
2049	0.0000e+00	0.0000e+00	0.0000e+00	0.0000e+00	0.0000e+00	0.0000e+00	0.0000e+00	0.0000e+00	0.0000e+00	0.0000e+00	
2050	0.0000e+00	0.0000e+00	0.0000e+00	0.0000e+00	0.0000e+00	0.0000e+00	0.0000e+00	0.0000e+00	0.0000e+00	0.0000e+00	
2051	0.0000e+00	0.0000e+00	0.0000e+00	0.0000e+00	0.0000e+00	0.0000e+00	0.0000e+00	0.0000e+00	0.0000e+00	0.0000e+00	
2052	0.0000e+00	0.0000e+00	0.0000e+00	0.0000e+00	0.0000e+00	0.0000e+00	0.0000e+00	0.0000e+00	0.0000e+00	0.0000e+00	
