year	Fer	Fer	Fer	Fer	Fer	Fer	Fer	Fer	Fer	Fer	TChl	TChl	TChl	TChl	TChl	TChl	TChl	TChl	TChl	TChl	
	0	0	0	0	0	0	0	0	0	0	0	0	0	0	0	0	0	0	0	0	
	total	Arctic	N_Atl	N_Pac	Equ_N	Equ	Equ_S	SO_Atl	SO_Pac	SO_Ind	total	Arctic	N_Atl	N_Pac	Equ_N	Equ	Equ_S	SO_Atl	SO_Pac	SO_Ind	
1988	4.9466e-01	5.1902e-01	5.5498e-01	7.3177e-01	6.6805e-01	5.0161e-01	4.3737e-01	2.0733e-01	2.5728e-01	2.3771e-01	2.4964e+02	1.9154e+02	1.9616e+02	5.6241e+02	1.7463e+02	1.9383e+02	2.9960e+02	2.7038e+02	2.5180e+02	2.9287e+02	
1989	4.9151e-01	5.1394e-01	5.4968e-01	7.4522e-01	6.5893e-01	4.9853e-01	4.3449e-01	2.1044e-01	2.4752e-01	2.3711e-01	2.5103e+02	2.0253e+02	2.1603e+02	5.9367e+02	1.6504e+02	1.9530e+02	3.0019e+02	2.6496e+02	2.5957e+02	2.8933e+02	
1990	4.9256e-01	5.1945e-01	5.7459e-01	7.5582e-01	6.5665e-01	4.9811e-01	4.3600e-01	2.1565e-01	2.4518e-01	2.3208e-01	2.5283e+02	2.4856e+02	2.7146e+02	5.9224e+02	1.6616e+02	1.8823e+02	3.0190e+02	2.7753e+02	2.6989e+02	2.8092e+02	
1991	4.9521e-01	5.2715e-01	6.0761e-01	7.5802e-01	6.6059e-01	4.9662e-01	4.3831e-01	2.1310e-01	2.5445e-01	2.3604e-01	2.5186e+02	2.3605e+02	2.6766e+02	5.7332e+02	1.7048e+02	1.8603e+02	3.0352e+02	2.6853e+02	2.6977e+02	2.7624e+02	
1992	4.9537e-01	5.2904e-01	6.2446e-01	7.3755e-01	6.6218e-01	4.9193e-01	4.4190e-01	2.0996e-01	2.7152e-01	2.3942e-01	2.5125e+02	2.5011e+02	2.6226e+02	5.5181e+02	1.6902e+02	1.8385e+02	3.0895e+02	2.6186e+02	2.5756e+02	2.8764e+02	
1993	4.9660e-01	5.3527e-01	6.3585e-01	7.3889e-01	6.6587e-01	4.9434e-01	4.4200e-01	2.1612e-01	2.6369e-01	2.3187e-01	2.5510e+02	2.6058e+02	2.7564e+02	5.6745e+02	1.7230e+02	1.8453e+02	3.1267e+02	2.7099e+02	2.6765e+02	2.7450e+02	
1994	4.9774e-01	5.3800e-01	6.4908e-01	7.4033e-01	6.6672e-01	4.9667e-01	4.4401e-01	2.1653e-01	2.5279e-01	2.2420e-01	2.5299e+02	2.4873e+02	2.7880e+02	5.3481e+02	1.6968e+02	1.8711e+02	3.1178e+02	2.7683e+02	2.6810e+02	2.4992e+02	
1995	5.0035e-01	5.4068e-01	6.3491e-01	7.4435e-01	6.7153e-01	4.9770e-01	4.4868e-01	2.1852e-01	2.5210e-01	2.2433e-01	2.4951e+02	2.5143e+02	2.5005e+02	5.3956e+02	1.7049e+02	1.8490e+02	3.0485e+02	2.8114e+02	2.6104e+02	2.5116e+02	
1996	4.9663e-01	5.4082e-01	6.0326e-01	7.5216e-01	6.6942e-01	4.9695e-01	4.4158e-01	2.1713e-01	2.4092e-01	2.3009e-01	2.4804e+02	2.5124e+02	2.3194e+02	5.5367e+02	1.6680e+02	1.8516e+02	3.0127e+02	2.7174e+02	2.6031e+02	2.6750e+02	
1997	4.9718e-01	5.3974e-01	5.8233e-01	7.5909e-01	6.7216e-01	4.8880e-01	4.4941e-01	2.1496e-01	2.4483e-01	2.3257e-01	2.4791e+02	2.2581e+02	2.1000e+02	5.4496e+02	1.6787e+02	1.7333e+02	3.1092e+02	2.7489e+02	2.7550e+02	2.7701e+02	
1998	4.9755e-01	5.3817e-01	5.6241e-01	7.6379e-01	6.7490e-01	4.8820e-01	4.4941e-01	2.1127e-01	2.4960e-01	2.3120e-01	2.4711e+02	2.4235e+02	1.9951e+02	5.3957e+02	1.7096e+02	1.7542e+02	3.0470e+02	2.7183e+02	2.6395e+02	2.8123e+02	
1999	4.9756e-01	5.3623e-01	5.7382e-01	7.7291e-01	6.7309e-01	4.9769e-01	4.4143e-01	2.0847e-01	2.3370e-01	2.3112e-01	2.4856e+02	1.9656e+02	2.5476e+02	5.3561e+02	1.6207e+02	1.8982e+02	3.0721e+02	2.8041e+02	2.3554e+02	2.7322e+02	
2000	4.9804e-01	5.3313e-01	6.1284e-01	7.8100e-01	6.6518e-01	5.0007e-01	4.4245e-01	2.1100e-01	2.3183e-01	2.2998e-01	2.5181e+02	2.4848e+02	2.6193e+02	5.5217e+02	1.6372e+02	1.9826e+02	3.0681e+02	2.7237e+02	2.2685e+02	2.6680e+02	
2001	4.9916e-01	5.3512e-01	6.2146e-01	7.6932e-01	6.6587e-01	5.0571e-01	4.4194e-01	2.0710e-01	2.3458e-01	2.3000e-01	2.4999e+02	2.4390e+02	2.2473e+02	5.3532e+02	1.6943e+02	1.9479e+02	3.0539e+02	2.6255e+02	2.3869e+02	2.6989e+02	
2002	4.9642e-01	5.3689e-01	6.1221e-01	7.6370e-01	6.6760e-01	4.9975e-01	4.3960e-01	2.0430e-01	2.3800e-01	2.2755e-01	2.4553e+02	2.1708e+02	2.4928e+02	5.3579e+02	1.7250e+02	1.8415e+02	2.9930e+02	2.5334e+02	2.5051e+02	2.6711e+02	
2003	4.9689e-01	5.3218e-01	6.3151e-01	7.5453e-01	6.6932e-01	5.0068e-01	4.3846e-01	2.0937e-01	2.4706e-01	2.2642e-01	2.5164e+02	1.9394e+02	2.6893e+02	5.5111e+02	1.7865e+02	1.9078e+02	3.0032e+02	2.6782e+02	2.7396e+02	2.7700e+02	
2004	4.9883e-01	5.3123e-01	6.2503e-01	7.6352e-01	6.7079e-01	5.0257e-01	4.4128e-01	2.1110e-01	2.4829e-01	2.2618e-01	2.5270e+02	2.0506e+02	2.0972e+02	5.5525e+02	1.7815e+02	1.9142e+02	3.0476e+02	2.8269e+02	2.7410e+02	2.7275e+02	
2005	5.0077e-01	5.2976e-01	6.0865e-01	7.6690e-01	6.7399e-01	5.0510e-01	4.4492e-01	2.0897e-01	2.4972e-01	2.2440e-01	2.5421e+02	2.0872e+02	2.4058e+02	5.8196e+02	1.7648e+02	1.9537e+02	3.0235e+02	2.6650e+02	2.7675e+02	2.6428e+02	
2006	4.9988e-01	5.2414e-01	6.0338e-01	7.7928e-01	6.6817e-01	5.0613e-01	4.4303e-01	2.0925e-01	2.5121e-01	2.2497e-01	2.5568e+02	2.9947e+02	2.1005e+02	5.5831e+02	1.7136e+02	1.9855e+02	3.0264e+02	2.6674e+02	2.7875e+02	2.6804e+02	
2007	4.9978e-01	5.2638e-01	5.9987e-01	7.8546e-01	6.6864e-01	5.0645e-01	4.4147e-01	2.0860e-01	2.4754e-01	2.2309e-01	2.5290e+02	2.4831e+02	2.2669e+02	5.3976e+02	1.7752e+02	2.0306e+02	2.9818e+02	2.6463e+02	2.6037e+02	2.5537e+02	
2008	4.9918e-01	5.2426e-01	6.1586e-01	7.8717e-01	6.7119e-01	5.0390e-01	4.4116e-01	2.0338e-01	2.3967e-01	2.2283e-01	2.5683e+02	2.4100e+02	2.6388e+02	5.4616e+02	1.7978e+02	2.0375e+02	3.0466e+02	2.6476e+02	2.6091e+02	2.6875e+02	
2009	4.9982e-01	5.2277e-01	6.4210e-01	7.9550e-01	6.6786e-01	5.0084e-01	4.4622e-01	2.0407e-01	2.3537e-01	2.2448e-01	2.5382e+02	2.4754e+02	2.6177e+02	5.3715e+02	1.7175e+02	1.9772e+02	3.0908e+02	2.5186e+02	2.5363e+02	2.6310e+02	
2010	5.0091e-01	5.2281e-01	6.2411e-01	7.8931e-01	6.6378e-01	5.0462e-01	4.4959e-01	2.0296e-01	2.3846e-01	2.2765e-01	2.5709e+02	2.2115e+02	2.2263e+02	5.4740e+02	1.7994e+02	2.0040e+02	3.0906e+02	2.7080e+02	2.7368e+02	2.7902e+02	
2011	5.0143e-01	5.1816e-01	5.8985e-01	8.0297e-01	6.7359e-01	5.0645e-01	4.4489e-01	2.0385e-01	2.3762e-01	2.2951e-01	2.5642e+02	2.5188e+02	2.0348e+02	5.4240e+02	1.8801e+02	2.0354e+02	3.0519e+02	2.5321e+02	2.5034e+02	2.7454e+02	
2012	4.9905e-01	5.1866e-01	5.8735e-01	8.0976e-01	6.7022e-01	4.9898e-01	4.4615e-01	2.0110e-01	2.3499e-01	2.3296e-01	2.5281e+02	2.6239e+02	2.5952e+02	5.3690e+02	1.7487e+02	1.9279e+02	3.0573e+02	2.5280e+02	2.4270e+02	2.9155e+02	
2013	5.0118e-01	5.2373e-01	6.0117e-01	8.1634e-01	6.6806e-01	4.9776e-01	4.5234e-01	1.9927e-01	2.4024e-01	2.3435e-01	2.5594e+02	2.7331e+02	2.3947e+02	5.2484e+02	1.7658e+02	1.9669e+02	3.0831e+02	2.5942e+02	2.5751e+02	3.0748e+02	
2014	5.0004e-01	5.2877e-01	6.2318e-01	8.1066e-01	6.7192e-01	4.9501e-01	4.4582e-01	2.0009e-01	2.4498e-01	2.3996e-01	2.5590e+02	2.7018e+02	2.7918e+02	5.2550e+02	1.7985e+02	1.9227e+02	3.0558e+02	2.5448e+02	2.6267e+02	3.0937e+02	
2015	4.9904e-01	5.3459e-01	6.3911e-01	7.9637e-01	6.7136e-01	4.9464e-01	4.4500e-01	1.9816e-01	2.4581e-01	2.2990e-01	2.5587e+02	3.0252e+02	2.9419e+02	5.1234e+02	1.7825e+02	1.8744e+02	3.1084e+02	2.5574e+02	2.6225e+02	2.9289e+02	
2016	4.9797e-01	5.3882e-01	6.3427e-01	7.7079e-01	6.6667e-01	4.9954e-01	4.4371e-01	1.9524e-01	2.4688e-01	2.2418e-01	2.5006e+02	2.6049e+02	2.6834e+02	5.0518e+02	1.6747e+02	1.9685e+02	3.0262e+02	2.4289e+02	2.4807e+02	2.7487e+02	
2017	4.9966e-01	5.3182e-01	6.3369e-01	7.7104e-01	6.7296e-01	5.0921e-01	4.3751e-01	1.9964e-01	2.4323e-01	2.2528e-01	2.5450e+02	3.1160e+02	2.8890e+02	5.2324e+02	1.7169e+02	2.0025e+02	3.0336e+02	2.3540e+02	2.4452e+02	2.7888e+02	
2018	5.0065e-01	5.3787e-01	6.4194e-01	7.9596e-01	6.7559e-01	5.0464e-01	4.3989e-01	1.9947e-01	2.3832e-01	2.2139e-01	2.5612e+02	3.4311e+02	2.5763e+02	5.3761e+02	1.6972e+02	1.9744e+02	3.0907e+02	2.5520e+02	2.4038e+02	2.6855e+02	
2019	4.9785e-01	5.3992e-01	6.3505e-01	8.0323e-01	6.6879e-01	4.9739e-01	4.4028e-01	2.0299e-01	2.3768e-01	2.2030e-01	2.5200e+02	2.7748e+02	2.5754e+02	5.4753e+02	1.6214e+02	1.9406e+02	3.0809e+02	2.7122e+02	2.3786e+02	2.6302e+02	
2020	5.0121e-01	5.3457e-01	6.2835e-01	8.0324e-01	6.6744e-01	5.0387e-01	4.4564e-01	2.0944e-01	2.4038e-01	2.2244e-01	2.5282e+02	2.6123e+02	2.5616e+02	5.2974e+02	1.5631e+02	1.9859e+02	3.1003e+02	2.7751e+02	2.4571e+02	2.8346e+02	
