year	Fer	Fer	Fer	Fer	Fer	Fer	Fer	Fer	Fer	Fer	TChl	TChl	TChl	TChl	TChl	TChl	TChl	TChl	TChl	TChl	
	0	0	0	0	0	0	0	0	0	0	0	0	0	0	0	0	0	0	0	0	
	total	Arctic	N_Atl	N_Pac	Equ_N	Equ	Equ_S	SO_Atl	SO_Pac	SO_Ind	total	Arctic	N_Atl	N_Pac	Equ_N	Equ	Equ_S	SO_Atl	SO_Pac	SO_Ind	
1948	5.1447e-01	5.6824e-01	6.6820e-01	8.2434e-01	6.7827e-01	5.1117e-01	4.4789e-01	2.2345e-01	2.5072e-01	2.4722e-01	2.6052e+02	2.0352e+02	2.2956e+02	4.8217e+02	1.8142e+02	2.1969e+02	3.1191e+02	2.6923e+02	2.4550e+02	2.9381e+02	
1949	5.1572e-01	5.5153e-01	6.3046e-01	8.0285e-01	6.8429e-01	5.1482e-01	4.5464e-01	2.2606e-01	2.3847e-01	2.4957e-01	2.6709e+02	2.3864e+02	2.2097e+02	4.6886e+02	1.8909e+02	2.2199e+02	3.1473e+02	3.0033e+02	2.6804e+02	3.2294e+02	
1950	5.1402e-01	5.3803e-01	6.1130e-01	7.8776e-01	6.8540e-01	5.1481e-01	4.5354e-01	2.2709e-01	2.3887e-01	2.5019e-01	2.6380e+02	1.8058e+02	2.0974e+02	4.5802e+02	1.8985e+02	2.1744e+02	3.1343e+02	3.0467e+02	2.8048e+02	3.2849e+02	
1951	5.1521e-01	5.2382e-01	5.9131e-01	7.8722e-01	6.9578e-01	5.1066e-01	4.5372e-01	2.3211e-01	2.6012e-01	2.5289e-01	2.6312e+02	2.1516e+02	1.9422e+02	4.5789e+02	1.9700e+02	2.0352e+02	3.1125e+02	3.1675e+02	3.0059e+02	3.3549e+02	
1952	5.1678e-01	5.1715e-01	5.7603e-01	7.9618e-01	6.9410e-01	5.1326e-01	4.5704e-01	2.3703e-01	2.6440e-01	2.5209e-01	2.6286e+02	1.8299e+02	1.7770e+02	4.6372e+02	1.9454e+02	2.1281e+02	3.1390e+02	3.0656e+02	2.7270e+02	3.2423e+02	
1953	5.1224e-01	5.1180e-01	5.5793e-01	7.8308e-01	6.8893e-01	5.1340e-01	4.5240e-01	2.3710e-01	2.4410e-01	2.5098e-01	2.6066e+02	1.7210e+02	1.8303e+02	4.5684e+02	1.9010e+02	2.1485e+02	3.0847e+02	3.1085e+02	2.6702e+02	3.2518e+02	
1954	5.0694e-01	5.0577e-01	5.4910e-01	7.7828e-01	6.9041e-01	5.1173e-01	4.4016e-01	2.3870e-01	2.3718e-01	2.4631e-01	2.5699e+02	1.8818e+02	1.8522e+02	4.6819e+02	1.8953e+02	2.0713e+02	3.0522e+02	2.9829e+02	2.6136e+02	3.0559e+02	
1955	5.0699e-01	4.9948e-01	5.5324e-01	7.7899e-01	6.9631e-01	5.0746e-01	4.4181e-01	2.3615e-01	2.3485e-01	2.4685e-01	2.5820e+02	2.0408e+02	1.8424e+02	4.8193e+02	1.9178e+02	2.0792e+02	3.0871e+02	2.7544e+02	2.6053e+02	2.9468e+02	
1956	5.0824e-01	5.0320e-01	5.4983e-01	7.6195e-01	7.0337e-01	5.0913e-01	4.4483e-01	2.3288e-01	2.3246e-01	2.3984e-01	2.5490e+02	1.2331e+02	1.7345e+02	4.7273e+02	1.9063e+02	2.1072e+02	3.0874e+02	2.7834e+02	2.5268e+02	2.8468e+02	
1957	5.0573e-01	4.9945e-01	5.4013e-01	7.5770e-01	7.0460e-01	5.0796e-01	4.3998e-01	2.3095e-01	2.2527e-01	2.3723e-01	2.5698e+02	1.8339e+02	1.7966e+02	4.9715e+02	1.9440e+02	2.0656e+02	3.0826e+02	2.7844e+02	2.4211e+02	2.8783e+02	
1958	5.0372e-01	4.9790e-01	5.4180e-01	7.5349e-01	7.0015e-01	5.1022e-01	4.3399e-01	2.2792e-01	2.2808e-01	2.3721e-01	2.5935e+02	1.3047e+02	1.7419e+02	4.9384e+02	1.9488e+02	2.1644e+02	3.0912e+02	2.7715e+02	2.6038e+02	2.8876e+02	
1959	5.0261e-01	4.9450e-01	5.4417e-01	7.5076e-01	7.0121e-01	5.0251e-01	4.3722e-01	2.1962e-01	2.2807e-01	2.3282e-01	2.6107e+02	1.7760e+02	2.1022e+02	5.0051e+02	2.0282e+02	1.9950e+02	3.1566e+02	2.8269e+02	2.6541e+02	2.8951e+02	
1960	5.0626e-01	4.9620e-01	5.6261e-01	7.5451e-01	7.0121e-01	5.0964e-01	4.3722e-01	2.2170e-01	2.3099e-01	2.3199e-01	2.6525e+02	1.8044e+02	1.9784e+02	5.1096e+02	2.0228e+02	2.1309e+02	3.1852e+02	2.7810e+02	2.6577e+02	2.7116e+02	
1961	5.0675e-01	4.9762e-01	5.6539e-01	7.5640e-01	6.9798e-01	5.1379e-01	4.3706e-01	2.1425e-01	2.2527e-01	2.2740e-01	2.6235e+02	1.8471e+02	1.8572e+02	5.0268e+02	1.9734e+02	2.0995e+02	3.1762e+02	2.7912e+02	2.4711e+02	2.7706e+02	
1962	5.0613e-01	4.9611e-01	5.6646e-01	7.7453e-01	6.9339e-01	5.0916e-01	4.3742e-01	2.1988e-01	2.2435e-01	2.2354e-01	2.6414e+02	1.7010e+02	1.9570e+02	5.1777e+02	1.8928e+02	2.1004e+02	3.2475e+02	2.8434e+02	2.6073e+02	2.6979e+02	
1963	5.0960e-01	4.9672e-01	5.5826e-01	7.8912e-01	6.8629e-01	5.1482e-01	4.4451e-01	2.2589e-01	2.3365e-01	2.2491e-01	2.6672e+02	1.5375e+02	1.9460e+02	5.0767e+02	1.9230e+02	2.1436e+02	3.2473e+02	2.8547e+02	2.8332e+02	2.7702e+02	
1964	5.0689e-01	4.9346e-01	5.4588e-01	7.7274e-01	6.8166e-01	5.1695e-01	4.4041e-01	2.1880e-01	2.2853e-01	2.2444e-01	2.6674e+02	1.9597e+02	1.9848e+02	4.9728e+02	1.8601e+02	2.1739e+02	3.2600e+02	2.7858e+02	2.6305e+02	2.7174e+02	
1965	5.0511e-01	4.9487e-01	5.4424e-01	7.7167e-01	6.8026e-01	5.1153e-01	4.3991e-01	2.1854e-01	2.2626e-01	2.2777e-01	2.6580e+02	1.5085e+02	1.9071e+02	5.0174e+02	1.8676e+02	2.1343e+02	3.2690e+02	2.8384e+02	2.6811e+02	2.7735e+02	
1966	5.0866e-01	4.9693e-01	5.3606e-01	7.6641e-01	6.9316e-01	5.1592e-01	4.4043e-01	2.0866e-01	2.4045e-01	2.2647e-01	2.6707e+02	1.9974e+02	1.9714e+02	4.7201e+02	1.9938e+02	2.1854e+02	3.1662e+02	2.6881e+02	2.8455e+02	2.7715e+02	
1967	5.1281e-01	4.9569e-01	5.4179e-01	7.6180e-01	6.9722e-01	5.2610e-01	4.4012e-01	2.1290e-01	2.4481e-01	2.2865e-01	2.7142e+02	1.8974e+02	1.8555e+02	4.7100e+02	2.0639e+02	2.3349e+02	3.1309e+02	2.8348e+02	2.7753e+02	2.8839e+02	
1968	5.1160e-01	4.9168e-01	5.4005e-01	7.6414e-01	6.8793e-01	5.2446e-01	4.4624e-01	2.2124e-01	2.3176e-01	2.2501e-01	2.7023e+02	1.9892e+02	2.0658e+02	4.7504e+02	1.9495e+02	2.2861e+02	3.2324e+02	2.9229e+02	2.5553e+02	2.7047e+02	
1969	5.0979e-01	4.9410e-01	5.3901e-01	7.6544e-01	6.8993e-01	5.1793e-01	4.4476e-01	2.2369e-01	2.2920e-01	2.2335e-01	2.6705e+02	1.7796e+02	1.9409e+02	4.8638e+02	1.9607e+02	2.1938e+02	3.2101e+02	2.9399e+02	2.6345e+02	2.7197e+02	
1970	5.1257e-01	4.9249e-01	5.4805e-01	7.5890e-01	6.8679e-01	5.2883e-01	4.4423e-01	2.1863e-01	2.3485e-01	2.3019e-01	2.7076e+02	1.8165e+02	1.8888e+02	4.8425e+02	1.8958e+02	2.3737e+02	3.1792e+02	2.7225e+02	2.7762e+02	2.8295e+02	
1971	5.1500e-01	4.9076e-01	5.5694e-01	7.5213e-01	6.8982e-01	5.2740e-01	4.4843e-01	2.1062e-01	2.4664e-01	2.3244e-01	2.7147e+02	1.7443e+02	2.2169e+02	4.6326e+02	1.9959e+02	2.3016e+02	3.1856e+02	2.6251e+02	2.8808e+02	2.9068e+02	
1972	5.1264e-01	4.9290e-01	5.6264e-01	7.5591e-01	6.8921e-01	5.2425e-01	4.4440e-01	2.0440e-01	2.4831e-01	2.2705e-01	2.6579e+02	1.6787e+02	1.9135e+02	4.6098e+02	1.9562e+02	2.2362e+02	3.1588e+02	2.6474e+02	2.8015e+02	2.7581e+02	
1973	5.1272e-01	4.9159e-01	5.4926e-01	7.7289e-01	6.9255e-01	5.2453e-01	4.4210e-01	2.0924e-01	2.4444e-01	2.2051e-01	2.6747e+02	1.7226e+02	2.1082e+02	4.8041e+02	1.9902e+02	2.2144e+02	3.1899e+02	2.6533e+02	2.7716e+02	2.6614e+02	
1974	5.1246e-01	4.9066e-01	5.4561e-01	7.7280e-01	6.9647e-01	5.2727e-01	4.4254e-01	2.1194e-01	2.3352e-01	2.1412e-01	2.6810e+02	1.5620e+02	1.8561e+02	4.5570e+02	2.0034e+02	2.2369e+02	3.2731e+02	2.6807e+02	2.6959e+02	2.5988e+02	
1975	5.1786e-01	4.8878e-01	5.3826e-01	7.6827e-01	6.9780e-01	5.3319e-01	4.5820e-01	2.0482e-01	2.2828e-01	2.1179e-01	2.7900e+02	1.9357e+02	1.8509e+02	4.6538e+02	2.0145e+02	2.4446e+02	3.4194e+02	2.5914e+02	2.6333e+02	2.5877e+02	
1976	5.2439e-01	4.8910e-01	5.3665e-01	7.7505e-01	6.9793e-01	5.4855e-01	4.6275e-01	2.0681e-01	2.2494e-01	2.0975e-01	2.7603e+02	1.7044e+02	2.0162e+02	4.6524e+02	1.9464e+02	2.4965e+02	3.3151e+02	2.6848e+02	2.5672e+02	2.5228e+02	
1977	5.1617e-01	4.8919e-01	5.4476e-01	7.8469e-01	6.9854e-01	5.3678e-01	4.4687e-01	2.0938e-01	2.2466e-01	2.1463e-01	2.6851e+02	1.6259e+02	1.9980e+02	4.7569e+02	1.8906e+02	2.3556e+02	3.1927e+02	2.7370e+02	2.6615e+02	2.6512e+02	
1978	5.0726e-01	4.8654e-01	5.4456e-01	7.7831e-01	6.9305e-01	5.2364e-01	4.3832e-01	2.1214e-01	2.3366e-01	2.1688e-01	2.6651e+02	1.8211e+02	1.8688e+02	4.6531e+02	1.8519e+02	2.3084e+02	3.1714e+02	2.7946e+02	2.8482e+02	2.5888e+02	
1979	5.0825e-01	4.8535e-01	5.3598e-01	7.9156e-01	6.9184e-01	5.2235e-01	4.4050e-01	2.1309e-01	2.4431e-01	2.2430e-01	2.6441e+02	1.6494e+02	2.0275e+02	4.8489e+02	1.8426e+02	2.2491e+02	3.0760e+02	2.8341e+02	3.0814e+02	2.7686e+02	
1980	5.0903e-01	4.8870e-01	5.4036e-01	8.0148e-01	6.9573e-01	5.1792e-01	4.4232e-01	2.1452e-01	2.4911e-01	2.2579e-01	2.6188e+02	1.7469e+02	2.1261e+02	4.7508e+02	1.8924e+02	2.1509e+02	3.0826e+02	2.9028e+02	2.8804e+02	2.7768e+02	
1981	5.1132e-01	4.8789e-01	5.5274e-01	8.0658e-01	6.8979e-01	5.1842e-01	4.5019e-01	2.1495e-01	2.5361e-01	2.2873e-01	2.6090e+02	1.4911e+02	1.9388e+02	4.8402e+02	1.8868e+02	2.1708e+02	3.0814e+02	2.8451e+02	2.7769e+02	2.7984e+02	
1982	5.1098e-01	4.8429e-01	5.5097e-01	8.0883e-01	6.8472e-01	5.2219e-01	4.5096e-01	2.1277e-01	2.4752e-01	2.2603e-01	2.6133e+02	1.5899e+02	1.8931e+02	4.7005e+02	1.8546e+02	2.2059e+02	3.1123e+02	2.7678e+02	2.7113e+02	2.7809e+02	
1983	5.0728e-01	4.8468e-01	5.4643e-01	8.1803e-01	6.8489e-01	5.1655e-01	4.4680e-01	2.1652e-01	2.2904e-01	2.2295e-01	2.6228e+02	1.7591e+02	2.0662e+02	4.6569e+02	1.9055e+02	2.1419e+02	3.1852e+02	2.8509e+02	2.4912e+02	2.7703e+02	
1984	5.1183e-01	4.8632e-01	5.3963e-01	8.0880e-01	6.8240e-01	5.2634e-01	4.5610e-01	2.2140e-01	2.2334e-01	2.2186e-01	2.7382e+02	1.5024e+02	2.0190e+02	4.6719e+02	1.8771e+02	2.4307e+02	3.3451e+02	2.8841e+02	2.5443e+02	2.7397e+02	
1985	5.2516e-01	4.8576e-01	5.2570e-01	7.9203e-01	6.8347e-01	5.4614e-01	4.8440e-01	2.2059e-01	2.1900e-01	2.1675e-01	2.8837e+02	1.6935e+02	1.8180e+02	4.6209e+02	1.9207e+02	2.6255e+02	3.6080e+02	2.9252e+02	2.4433e+02	2.7030e+02	
1986	5.2246e-01	4.8614e-01	5.2649e-01	7.7942e-01	6.8898e-01	5.4724e-01	4.7248e-01	2.2286e-01	2.1579e-01	2.1683e-01	2.7661e+02	1.7513e+02	2.0271e+02	4.6077e+02	1.9232e+02	2.4929e+02	3.3380e+02	2.9167e+02	2.4803e+02	2.6740e+02	
1987	5.1244e-01	4.8894e-01	5.3750e-01	7.8533e-01	6.9211e-01	5.3514e-01	4.4611e-01	2.2089e-01	2.2087e-01	2.1645e-01	2.6986e+02	1.7246e+02	2.0164e+02	4.6720e+02	1.9444e+02	2.4287e+02	3.1499e+02	2.8051e+02	2.6669e+02	2.6402e+02	
1988	5.0821e-01	4.9098e-01	5.3561e-01	7.8401e-01	6.8898e-01	5.3423e-01	4.3445e-01	2.1181e-01	2.2573e-01	2.1830e-01	2.6661e+02	1.8229e+02	1.9831e+02	4.5195e+02	1.8870e+02	2.3975e+02	3.0840e+02	2.7832e+02	2.7395e+02	2.7387e+02	
1989	5.0414e-01	4.8981e-01	5.3620e-01	7.8887e-01	6.8404e-01	5.1939e-01	4.3642e-01	2.1430e-01	2.2396e-01	2.1785e-01	2.6311e+02	1.4157e+02	2.0212e+02	4.6679e+02	1.8414e+02	2.2571e+02	3.1260e+02	2.9171e+02	2.7145e+02	2.7439e+02	
1990	5.0915e-01	4.8761e-01	5.5061e-01	7.9116e-01	6.8486e-01	5.2773e-01	4.3945e-01	2.1940e-01	2.2881e-01	2.1792e-01	2.7036e+02	1.6750e+02	2.1633e+02	4.6901e+02	1.8912e+02	2.4417e+02	3.1351e+02	2.8123e+02	2.7992e+02	2.7010e+02	
1991	5.2688e-01	4.9202e-01	5.6481e-01	7.8724e-01	6.7953e-01	5.6468e-01	4.6501e-01	2.1600e-01	2.2998e-01	2.1819e-01	2.8491e+02	1.6290e+02	2.1369e+02	4.6008e+02	1.8498e+02	2.7655e+02	3.3688e+02	2.8158e+02	2.6766e+02	2.6943e+02	
1992	5.1813e-01	4.9232e-01	5.5741e-01	7.8299e-01	6.7952e-01	5.4541e-01	4.5634e-01	2.1205e-01	2.2569e-01	2.1364e-01	2.6926e+02	1.7329e+02	2.0675e+02	4.6509e+02	1.8684e+02	2.4394e+02	3.1596e+02	2.8296e+02	2.5824e+02	2.5697e+02	
1993	5.0953e-01	4.9202e-01	5.3979e-01	7.8964e-01	6.8632e-01	5.3173e-01	4.4021e-01	2.1512e-01	2.2663e-01	2.1258e-01	2.6275e+02	1.5959e+02	1.9202e+02	4.6439e+02	1.9050e+02	2.2918e+02	3.0564e+02	2.8384e+02	2.7459e+02	2.6764e+02	
1994	5.0520e-01	4.8901e-01	5.3932e-01	7.8110e-01	6.8539e-01	5.2692e-01	4.3145e-01	2.1780e-01	2.2915e-01	2.1144e-01	2.5999e+02	1.7722e+02	1.9910e+02	4.3636e+02	1.8429e+02	2.2923e+02	3.0494e+02	2.8602e+02	2.6263e+02	2.6164e+02	
1995	5.0070e-01	4.8832e-01	5.3996e-01	7.7947e-01	6.8526e-01	5.1567e-01	4.2848e-01	2.1877e-01	2.2082e-01	2.1020e-01	2.5842e+02	1.7173e+02	1.8851e+02	4.6598e+02	1.8044e+02	2.2162e+02	3.1019e+02	2.8811e+02	2.4043e+02	2.5572e+02	
1996	5.0046e-01	4.8876e-01	5.2498e-01	8.0198e-01	6.8956e-01	5.1456e-01	4.2728e-01	2.1970e-01	2.1128e-01	2.0830e-01	2.5548e+02	1.6190e+02	1.7676e+02	4.6271e+02	1.7923e+02	2.1128e+02	3.1417e+02	2.7958e+02	2.4195e+02	2.5087e+02	
1997	5.0762e-01	4.8472e-01	5.1979e-01	8.1819e-01	6.8262e-01	5.2864e-01	4.3853e-01	2.2006e-01	2.1510e-01	2.1144e-01	2.6517e+02	1.3572e+02	1.8903e+02	4.4182e+02	1.6633e+02	2.3995e+02	3.2616e+02	2.8223e+02	2.5936e+02	2.6187e+02	
1998	5.2346e-01	4.8000e-01	5.2152e-01	8.2624e-01	6.7540e-01	5.5512e-01	4.7080e-01	2.1385e-01	2.1962e-01	2.1193e-01	2.8207e+02	1.9609e+02	2.0983e+02	4.5659e+02	1.6285e+02	2.6650e+02	3.4943e+02	2.7438e+02	2.6174e+02	2.6015e+02	
1999	5.2196e-01	4.8122e-01	5.3654e-01	8.1583e-01	6.6445e-01	5.5606e-01	4.6724e-01	2.1653e-01	2.1999e-01	2.1518e-01	2.6678e+02	1.8025e+02	2.1906e+02	4.1261e+02	1.5010e+02	2.4759e+02	3.2671e+02	2.9043e+02	2.5523e+02	2.7438e+02	
2000	5.0405e-01	4.8872e-01	5.4401e-01	8.1922e-01	6.5812e-01	5.2858e-01	4.3574e-01	2.1692e-01	2.1435e-01	2.1501e-01	2.5143e+02	1.4693e+02	1.8621e+02	4.3294e+02	1.5010e+02	2.1836e+02	3.0623e+02	2.9665e+02	2.5144e+02	2.7304e+02	
2001	5.0427e-01	4.8683e-01	5.4013e-01	8.1163e-01	6.5995e-01	5.3208e-01	4.3151e-01	2.2024e-01	2.2401e-01	2.1871e-01	2.5540e+02	1.7638e+02	2.0406e+02	4.3749e+02	1.5804e+02	2.2425e+02	2.9907e+02	3.0091e+02	2.7021e+02	2.8145e+02	
2002	5.0133e-01	4.8601e-01	5.3864e-01	7.9262e-01	6.6551e-01	5.2380e-01	4.2917e-01	2.1423e-01	2.2284e-01	2.1498e-01	2.5510e+02	1.8801e+02	2.0259e+02	4.5468e+02	1.7052e+02	2.1793e+02	2.9817e+02	2.9160e+02	2.6805e+02	2.7476e+02	
2003	5.0256e-01	4.8497e-01	5.3280e-01	7.7889e-01	6.7124e-01	5.2133e-01	4.3458e-01	2.1529e-01	2.2474e-01	2.0909e-01	2.5381e+02	1.5532e+02	1.9598e+02	4.6083e+02	1.7281e+02	2.1190e+02	3.0106e+02	2.8607e+02	2.7899e+02	2.6726e+02	
2004	5.0308e-01	4.8305e-01	5.2715e-01	7.8158e-01	6.7520e-01	5.2245e-01	4.3337e-01	2.0739e-01	2.2790e-01	2.1087e-01	2.5467e+02	1.9729e+02	1.8519e+02	4.4845e+02	1.6376e+02	2.1756e+02	3.0126e+02	2.7140e+02	2.8174e+02	2.7721e+02	
2005	5.0599e-01	4.8598e-01	5.2543e-01	7.8011e-01	6.6539e-01	5.2805e-01	4.4354e-01	2.0257e-01	2.2887e-01	2.1404e-01	2.5509e+02	1.4506e+02	1.7911e+02	4.1786e+02	1.4918e+02	2.2700e+02	3.1219e+02	2.6746e+02	2.8343e+02	2.8339e+02	
2006	5.1190e-01	4.8439e-01	5.2055e-01	7.6564e-01	6.4755e-01	5.3581e-01	4.7146e-01	2.0252e-01	2.2248e-01	2.1162e-01	2.6440e+02	1.5959e+02	2.0514e+02	4.1771e+02	1.4351e+02	2.3045e+02	3.4200e+02	2.7588e+02	2.7036e+02	2.7213e+02	
2007	5.1122e-01	4.8641e-01	5.4845e-01	7.7221e-01	6.4259e-01	5.3073e-01	4.7133e-01	2.0739e-01	2.2194e-01	2.1412e-01	2.5107e+02	1.6040e+02	1.9766e+02	4.0565e+02	1.4115e+02	2.1147e+02	3.1691e+02	2.7214e+02	2.7066e+02	2.7356e+02	
2008	5.0272e-01	4.8602e-01	5.5757e-01	7.8342e-01	6.3693e-01	5.2964e-01	4.4528e-01	1.9680e-01	2.2600e-01	2.1488e-01	2.4790e+02	1.7278e+02	1.9839e+02	4.0400e+02	1.3993e+02	2.1942e+02	2.9858e+02	2.6671e+02	2.7371e+02	2.8200e+02	
2009	5.0107e-01	4.8351e-01	5.5020e-01	7.8266e-01	6.2569e-01	5.3318e-01	4.4322e-01	2.0092e-01	2.2242e-01	2.1314e-01	2.4963e+02	1.7935e+02	2.1370e+02	3.8578e+02	1.2847e+02	2.3387e+02	3.0141e+02	2.7844e+02	2.5458e+02	2.7880e+02	
2010	5.1125e-01	4.8353e-01	5.4311e-01	7.8136e-01	6.1906e-01	5.3810e-01	4.7519e-01	2.0833e-01	2.1980e-01	2.1296e-01	2.6174e+02	1.6280e+02	1.9890e+02	3.7909e+02	1.2743e+02	2.4154e+02	3.3731e+02	2.8866e+02	2.5478e+02	2.7581e+02	
2011	5.2015e-01	4.8492e-01	5.3256e-01	7.9108e-01	6.1877e-01	5.5128e-01	4.9236e-01	2.0353e-01	2.2154e-01	2.1497e-01	2.6125e+02	1.6699e+02	2.0097e+02	3.8298e+02	1.3010e+02	2.4198e+02	3.3089e+02	2.7892e+02	2.5860e+02	2.9022e+02	
2012	5.0602e-01	4.8600e-01	5.3685e-01	8.0818e-01	6.1988e-01	5.3718e-01	4.5510e-01	1.9409e-01	2.2503e-01	2.1536e-01	2.3966e+02	1.4546e+02	2.0197e+02	3.8380e+02	1.2894e+02	2.0630e+02	2.9717e+02	2.5412e+02	2.5717e+02	2.8789e+02	
2013	4.9751e-01	4.7895e-01	5.3838e-01	8.1773e-01	6.1225e-01	5.2624e-01	4.4057e-01	1.9915e-01	2.2317e-01	2.1409e-01	2.4255e+02	1.9555e+02	1.9888e+02	3.7400e+02	1.2243e+02	2.0960e+02	3.0565e+02	2.7298e+02	2.4561e+02	2.8711e+02	
2014	5.0164e-01	4.7745e-01	5.4092e-01	8.1993e-01	6.1233e-01	5.2280e-01	4.5618e-01	2.0874e-01	2.2113e-01	2.1556e-01	2.4106e+02	1.6588e+02	1.9768e+02	3.8246e+02	1.2046e+02	2.0041e+02	3.0865e+02	2.8539e+02	2.5534e+02	2.9244e+02	
2015	4.9989e-01	4.7913e-01	5.4473e-01	8.2027e-01	6.1282e-01	5.1800e-01	4.5215e-01	2.1234e-01	2.1866e-01	2.1594e-01	2.3812e+02	1.5180e+02	2.0354e+02	3.7226e+02	1.2024e+02	2.0093e+02	2.9968e+02	2.8862e+02	2.5950e+02	2.9010e+02	
2016	4.9560e-01	4.7477e-01	5.4301e-01	8.1546e-01	6.1130e-01	5.1955e-01	4.4057e-01	2.1169e-01	2.1826e-01	2.2007e-01	2.3947e+02	1.7751e+02	2.0081e+02	3.7372e+02	1.2196e+02	2.0510e+02	2.9363e+02	2.8247e+02	2.7135e+02	3.0761e+02	
2017	4.9256e-01	4.7169e-01	5.3396e-01	8.0665e-01	6.1151e-01	5.1403e-01	4.3845e-01	2.0188e-01	2.2315e-01	2.1594e-01	2.3575e+02	1.6847e+02	2.0493e+02	3.5740e+02	1.2312e+02	1.9897e+02	2.9046e+02	2.7226e+02	2.6834e+02	3.0273e+02	
2018	4.9131e-01	4.7323e-01	5.3011e-01	7.9860e-01	6.1292e-01	5.1046e-01	4.3837e-01	2.0853e-01	2.2677e-01	2.1558e-01	2.3414e+02	1.8170e+02	2.0743e+02	3.4769e+02	1.2146e+02	1.9526e+02	2.9079e+02	2.8323e+02	2.6567e+02	2.8448e+02	
2019	4.9041e-01	4.7485e-01	5.3025e-01	7.8408e-01	6.1198e-01	5.1117e-01	4.3689e-01	2.1145e-01	2.2292e-01	2.1632e-01	2.3605e+02	1.7522e+02	1.9470e+02	3.3462e+02	1.1932e+02	2.0182e+02	2.9673e+02	2.8617e+02	2.6058e+02	2.8098e+02	
2020	4.9700e-01	4.7462e-01	5.3289e-01	7.8215e-01	6.1452e-01	5.1938e-01	4.4711e-01	2.1104e-01	2.2787e-01	2.2098e-01	2.4409e+02	1.9631e+02	2.0301e+02	3.5152e+02	1.2141e+02	2.1139e+02	3.0374e+02	2.8487e+02	2.8489e+02	2.8626e+02	
